0.371
0.546
0.346
0.338
0.541
0.280
0.438
0.270
0.563
0.548
0.478
0.576
0.558
0.502
0.610
0.616
0.542
0.506
0.583
0.315
0.459
0.306
0.346
0.457
0.365
0.557
0.544
0.392
0.458
0.544
0.567
0.472
0.479
0.482
0.505
0.599
0.560
0.452
0.405
0.504
0.545
0.550
0.547
0.552
0.490
0.543
0.421
0.462
0.430
0.495
0.309
0.388
0.460
0.545
0.541
0.516
0.459
0.484
0.487
0.442
0.467
0.480
0.392
0.639
0.610
0.431
0.558
0.565
0.425
0.588
0.617
0.543
0.627
0.263
0.297
0.424
0.587
0.482
0.593
0.564
0.611
0.500
0.558
0.447
0.543
0.559
0.559
0.402
0.392
0.474
0.384
0.528
0.449
0.528
0.549
0.532
0.569
0.558
0.374
0.426
0.595
0.621
0.608
0.585
0.592
0.567
0.444
0.455
0.446
0.485
0.293
0.399
0.539
0.531
0.620
0.555
0.548
0.587
0.627
0.603
0.580
0.363
0.538
0.506
0.589
0.320
0.529
0.519
0.464
0.566
0.326
0.622
0.392
0.571
0.509
0.404
0.626
0.540
0.560
0.638
0.426
0.576
0.578
0.557
0.531
0.611
0.575
0.588
0.610
0.600
0.376
0.646
0.513
0.359
0.643
0.606
0.484
0.569
0.565
0.565
0.651
0.604
0.611
0.402
0.547
0.591
0.544
0.480
0.557
0.447
0.552
0.574
0.560
0.554
0.593
0.553
0.410
0.392
0.487
0.318
0.576
0.440
0.571
0.500
0.548
0.580
0.612
0.296
0.366
0.535
0.653
0.624
0.496
0.542
0.584
0.545
0.539
0.578
0.598
0.577
0.541
0.581
0.610
0.638
0.477
0.543
0.594
0.558
0.541
0.590
0.437
0.549
0.544
0.441
0.561
0.528
0.577
0.577
0.557
0.465
0.518
0.605
0.539
0.433
0.281
0.338
0.426
0.412
0.595
0.606
0.539
0.558
0.294
0.502
0.500
0.557
0.589
0.602
0.593
0.603
0.592
0.533
0.273
0.569
0.574
0.475
0.343
0.515
0.611
0.599
0.433
0.583
0.555
0.473
0.470
0.596
0.582
0.592
0.554
0.626
0.331
0.591
0.395
0.460
0.377
0.500
0.605
0.436
0.495
0.405
0.600
0.628
0.464
0.507
0.546
0.474
0.486
0.621
0.618
0.602
0.610
0.290
0.531
0.433
0.439
0.413
0.553
0.395
0.417
0.493
0.492
0.623
0.441
0.460
0.373
0.382
0.484
0.434
0.443
0.545
0.578
0.567
0.599
0.286
0.420
0.509
0.493
0.446
0.609
0.490
0.501
0.418
0.421
0.392
0.406
0.554
0.563
0.588
0.560
0.599
0.442
0.548
0.390
0.521
0.592
0.583
0.551
0.387
0.602
0.549
0.555
0.593
0.495
0.406
0.556
0.613
0.322
0.499
0.496
0.443
0.629
0.578
0.412
0.440
0.418
0.408
0.612
0.643
0.541
0.602
0.592
0.603
0.558
0.567
0.339
0.537
0.449
0.558
0.624
0.593
0.517
0.543
0.513
0.592
0.418
0.439
0.450
0.447
0.381
0.433
0.432
0.381
0.439
0.433
0.479
0.423
0.576
0.508
0.354
0.494
0.390
0.554
0.441
0.579
0.569
0.544
0.627
0.627
0.517
0.564
0.429
0.530
0.569
0.499
0.317
0.449
0.505
0.568
0.596
0.596
0.517
0.563
0.328
0.282
0.494
0.550
0.403
0.502
0.273
0.302
0.215
0.556
0.582
0.499
0.621
0.612
0.477
0.542
0.647
0.558
0.563
0.593
0.571
0.564
0.519
0.576
0.492
0.498
0.589
0.594
0.574
0.594
0.552
0.361
0.524
0.523
0.556
0.611
0.561
0.572
0.605
0.551
0.570
0.619
0.570
0.554
0.555
0.540
0.552
0.544
0.422
0.597
0.600
0.582
0.548
0.336
0.490
0.500
0.475
0.600
0.545
0.645
0.599
0.491
0.589
0.468
0.567
0.528
0.383
0.486
0.589
0.517
0.418
0.537
0.542
0.545
0.567
0.615
0.557
0.554
0.521
0.587
0.590
0.504
0.522
0.634
0.596
0.589
0.629
0.491
0.426
0.427
0.459
0.297
0.628
0.586
0.526
0.558
0.553
0.427
0.403
0.579
0.522
0.599
0.558
0.571
0.477
0.565
0.604
0.585
0.498
0.364
0.457
0.415
0.530
0.469
0.571
0.602
0.394
0.490
0.481
0.519
0.545
0.590
0.597
0.584
0.445
0.561
0.408
0.570
0.609
0.498
0.517
0.497
0.437
0.616
0.416
0.559
0.572
0.522
0.568
0.548
0.463
0.505
0.527
0.599
0.599
0.602
0.474
0.583
0.533
0.447
0.430
0.569
0.565
0.508
0.405
0.471
0.596
0.604
0.521
0.389
0.361
0.573
0.483
0.560
0.575
0.594
0.564
0.605
0.536
0.539
0.623
0.573
0.577
0.606
0.512
0.366
0.499
0.310
0.426
0.592
0.601
0.495
0.335
0.582
0.568
0.492
0.547
0.549
0.388
0.435
0.627
0.614
0.417
0.590
0.522
0.576
0.470
0.462
0.409
0.503
0.543
0.455
0.334
0.521
0.496
0.500
0.542
0.499
0.577
0.486
0.593
0.369
0.479
0.547
0.511
0.442
0.468
0.517
0.551
0.542
0.563
0.537
0.569
0.579
0.560
0.604
0.564
0.599
0.605
0.327
0.455
0.538
0.379
0.382
0.507
0.495
0.484
0.557
0.550
0.567
0.392
0.418
0.419
0.536
0.580
0.267
0.545
0.597
0.434
0.559
0.318
0.546
0.546
0.373
0.506
0.556
0.564
0.499
0.277
0.591
0.552
0.461
0.301
0.561
0.523
0.483
0.542
0.534
0.518
0.431
0.386
0.520
0.365
0.535
0.551
0.401
0.466
0.375
0.310
0.589
0.473
0.539
0.369
0.545
0.262
0.501
0.504
0.567
0.608
0.512
0.305
0.379
0.561
0.605
0.547
0.520
0.463
0.530
0.598
0.449
0.510
0.535
0.268
0.576
0.368
0.589
0.511
0.559
0.360
0.544
0.589
0.310
0.305
0.495
0.557
0.587
0.573
0.429
0.536
0.591
0.462
0.558
0.587
0.278
0.366
0.559
0.329
0.583
0.568
0.533
0.560
0.309
0.422
0.553
0.516
0.439
0.592
0.457
0.383
0.629
0.498
0.250
0.401
0.548
0.547
0.566
0.501
0.600
0.585
0.552
0.514
0.463
0.558
0.385
0.429
0.316
0.614
0.566
0.585
0.492
0.498
0.377
0.526
0.346
0.377
0.437
0.319
0.458
0.540
0.617
0.317
0.548
0.365
0.520
0.550
0.373
0.508
0.590
0.463
0.547
0.474
0.511
0.516
0.492
0.586
0.564
0.467
0.605
0.611
0.564
0.385
0.389
0.581
0.617
0.601
0.596
0.467
0.520
0.487
0.599
0.490
0.427
0.566
0.552
0.492
0.587
0.543
0.575
0.430
0.352
0.423
0.540
0.469
0.556
0.515
0.501
0.562
0.261
0.258
0.577
0.346
0.424
0.565
0.584
0.515
0.533
0.495
0.513
0.446
0.556
0.492
0.441
0.561
0.457
0.561
0.475
0.544
0.366
0.424
0.377
0.564
0.591
0.576
0.477
0.523
0.468
0.601
0.503
0.379
0.494
0.386
0.481
0.554
0.552
0.391
0.624
0.581
0.438
0.429
0.553
0.422
0.486
0.454
0.562
0.482
0.416
0.564
0.448
0.577
0.565
0.455
0.395
0.551
0.485
0.559
0.398
0.555
0.548
0.508
0.327
0.425
0.566
0.535
0.443
0.385
0.523
0.538
0.499
0.426
0.545
0.517
0.584
0.510
0.333
0.393
0.553
0.462
0.292
0.440
0.608
0.564
0.491
0.457
0.297
0.344
0.518
0.485
0.494
0.479
0.520
0.598
0.544
0.536
0.564
0.551
0.450
0.551
0.438
0.490
0.570
0.575
0.624
0.425
0.512
0.475
0.537
0.336
0.509
0.540
0.550
0.401
0.550
0.550
0.568
0.380
0.427
0.406
0.571
0.417
0.341
0.583
0.540
0.470
0.380
0.454
0.554
0.516
0.449
0.602
0.537
0.533
0.459
0.534
0.584
0.533
0.545
0.625
0.488
0.410
0.399
0.448
0.400
0.598
0.507
0.600
0.461
0.561
0.566
0.530
0.533
0.629
0.415
0.609
0.531
0.508
0.479
0.568
0.540
0.479
0.501
0.505
0.447
0.395
0.497
0.395
0.343
0.571
0.405
0.322
0.587
0.526
0.584
0.475
0.524
0.560
0.549
0.492
0.477
0.467
0.529
0.492
0.561
0.578
0.598
0.502
0.434
0.582
0.485
0.508
0.616
0.292
0.443
0.504
0.463
0.571
0.584
0.573
0.301
0.589
0.579
0.415
0.604
0.547
0.550
0.576
0.506
0.501
0.375
0.559
0.517
0.305
0.303
0.277
0.550
0.573
0.611
0.536
0.453
0.459
0.527
0.391
0.419
0.556
0.507
0.567
0.442
0.644
0.432
0.616
0.493
0.413
0.616
0.325
0.341
0.312
0.309
0.336
0.314
0.369
0.424
0.386
0.322
0.334
0.423
0.454
0.459
0.422
0.598
0.374
0.482
0.523
0.334
0.447
0.524
0.479
0.509
0.351
0.297
0.445
0.397
0.313
0.417
0.437
0.316
0.349
0.455
0.487
0.582
0.368
0.426
0.425
0.374
0.345
0.436
0.435
0.609
0.472
0.413
0.529
0.519
0.466
0.378
0.444
0.527
0.320
0.487
0.501
0.433
0.443
0.487
0.425
0.562
0.541
0.336
0.414
0.488
0.361
0.466
0.474
0.357
0.467
0.464
0.583
0.538
0.673
0.511
0.503
0.366
0.387
0.510
0.633
0.554
0.464
0.424
0.383
0.398
0.492
0.508
0.476
0.475
0.353
0.535
0.340
0.413
0.526
0.399
0.534
0.424
0.431
0.519
0.500
0.267
0.420
0.448
0.544
0.304
0.381
0.440
0.574
0.326
0.585
0.589
0.473
0.488
0.435
0.383
0.389
0.518
0.520
0.537
0.539
0.486
0.623
0.626
0.630
0.414
0.623
0.581
0.571
0.409
0.528
0.485
0.577
0.371
0.543
0.567
0.495
0.589
0.334
0.519
0.512
0.574
0.509
0.621
0.671
0.632
0.616
0.515
0.450
0.509
0.399
0.556
0.385
0.471
0.444
0.400
0.484
0.415
0.362
0.496
0.513
0.354
0.402
0.276
0.367
0.554
0.544
0.311
0.313
0.495
0.399
0.336
0.451
0.513
0.450
0.437
0.551
0.583
0.489
0.541
0.555
0.482
0.360
0.474
0.567
0.287
0.537
0.543
0.491
0.489
0.428
0.487
0.522
0.514
0.545
0.562
0.591
0.560
0.537
0.493
0.454
0.508
0.294
0.515
0.551
0.393
0.496
0.470
0.437
0.355
0.231
0.525
0.518
0.532
0.485
0.542
0.537
0.598
0.534
0.493
0.505
0.579
0.584
0.484
0.358
0.472
0.480
0.550
0.553
0.422
0.456
0.483
0.321
0.282
0.535
0.460
0.487
0.446
0.287
0.392
0.465
0.511
0.505
0.459
0.407
0.397
0.336
0.335
0.495
0.550
0.607
0.444
0.584
0.403
0.542
0.355
0.569
0.528
0.454
0.598
0.606
0.585
0.548
0.579
0.612
0.588
0.622
0.302
0.448
0.440
0.517
0.451
0.431
0.280
0.331
0.460
0.466
0.546
0.399
0.255
0.314
0.441
0.383
0.340
0.479
0.326
0.454
0.381
0.524
0.489
0.470
0.497
0.447
0.456
0.480
0.603
0.508
0.587
0.477
0.343
0.543
0.467
0.393
0.504
0.542
0.580
0.544
0.576
0.604
0.615
0.609
0.591
0.515
0.577
0.611
0.614
0.571
0.537
0.594
0.505
0.554
0.593
0.571
0.514
0.530
0.399
0.440
0.475
0.396
0.296
0.274
0.526
0.409
0.501
0.424
0.556
0.471
0.473
0.548
0.321
0.363
0.503
0.519
0.401
0.475
0.285
0.549
0.474
0.332
0.435
0.500
0.539
0.487
0.498
0.444
0.441
0.524
0.505
0.539
0.470
0.497
0.547
0.723
0.694
0.330
0.498
0.456
0.595
0.519
0.423
0.361
0.332
0.425
0.320
0.358
0.516
0.520
0.494
0.269
0.386
0.481
0.440
0.479
0.512
0.494
0.423
0.534
0.543
0.457
0.466
0.385
0.416
0.364
0.517
0.547
0.461
0.489
0.450
0.481
0.371
0.517
0.360
0.279
0.292
0.516
0.534
0.549
0.441
0.467
0.493
0.363
0.515
0.535
0.525
0.530
0.522
0.525
0.535
0.285
0.415
0.562
0.538
0.448
0.477
0.488
0.443
0.521
0.479
0.518
0.386
0.524
0.508
0.371
0.435
0.333
0.520
0.286
0.537
0.503
0.417
0.423
0.343
0.482
0.553
0.555
0.456
0.467
0.355
0.496
0.558
0.356
0.464
0.525
0.359
0.524
0.529
0.526
0.487
0.369
0.520
0.538
0.463
0.433
0.264
0.387
0.409
0.553
0.468
0.340
0.575
0.528
0.506
0.356
0.464
0.504
0.444
0.503
0.312
0.515
0.500
0.455
0.300
0.503
0.482
0.546
0.315
0.479
0.491
0.362
0.317
0.451
0.354
0.421
0.445
0.506
0.529
0.465
0.541
0.478
0.362
0.309
0.538
0.432
0.516
0.474
0.469
0.509
0.534
0.430
0.438
0.370
0.349
0.294
0.552
0.336
0.479
0.347
0.451
0.454
0.478
0.316
0.500
0.365
0.437
0.538
0.522
0.474
0.448
0.468
0.413
0.452
0.562
0.567
0.488
0.543
0.518
0.465
0.569
0.552
0.425
0.285
0.487
0.505
0.238
0.300
0.472
0.348
0.335
0.504
0.519
0.530
0.599
0.576
0.508
0.566
0.327
0.431
0.376
0.414
0.614
0.651
0.570
0.518
0.510
0.583
0.602
0.599
0.525
0.521
0.540
0.615
0.641
0.620
0.580
0.377
0.466
0.605
0.472
0.490
0.507
0.424
0.502
0.525
0.411
0.414
0.402
0.422
0.376
0.354
0.478
0.471
0.373
0.535
0.483
0.325
0.473
0.405
0.335
0.426
0.297
0.442
0.417
0.335
0.352
0.518
0.511
0.439
0.343
0.537
0.513
0.426
0.349
0.205
0.336
0.505
0.426
0.367
0.494
0.534
0.482
0.448
0.331
0.510
0.407
0.543
0.551
0.504
0.371
0.318
0.575
0.517
0.538
0.553
0.565
0.447
0.360
0.285
0.539
0.501
0.319
0.526
0.299
0.482
0.467
0.549
0.623
0.568
0.418
0.361
0.423
0.336
0.385
0.429
0.429
0.701
0.604
0.544
0.523
0.580
0.590
0.440
0.421
0.445
0.598
0.531
0.546
0.565
0.604
0.587
0.373
0.323
0.289
0.597
0.532
0.594
0.559
0.565
0.564
0.609
0.588
0.567
0.588
0.628
0.618
0.500
0.582
0.469
0.567
0.495
0.386
0.538
0.555
0.439
0.529
0.449
0.555
0.607
0.507
0.499
0.500
0.563
0.519
0.532
0.509
0.590
0.529
0.484
0.544
0.500
0.602
0.570
0.567
0.471
0.378
0.599
0.600
0.570
0.468
0.449
0.537
0.555
0.485
0.502
0.573
0.599
0.381
0.549
0.564
0.579
0.588
0.608
0.517
0.627
0.605
0.571
0.595
0.578
0.559
0.578
0.564
0.469
0.571
0.501
0.562
0.559
0.521
0.534
0.533
0.521
0.488
0.499
0.529
0.456
0.433
0.462
0.467
0.549
0.454
0.445
0.511
0.553
0.561
0.568
0.423
0.480
0.564
0.455
0.441
0.569
0.559
0.524
0.514
0.442
0.540
0.378
0.546
0.591
0.588
0.545
0.561
0.484
0.583
0.568
0.548
0.522
0.583
0.497
0.466
0.535
0.561
0.494
0.520
0.500
0.559
0.518
0.450
0.329
0.398
0.514
0.513
0.431
0.563
0.608
0.496
0.459
0.371
0.467
0.592
0.523
0.532
0.479
0.585
0.248
0.359
0.545
0.565
0.412
0.422
0.485
0.504
0.500
0.547
0.570
0.557
0.398
0.356
0.489
0.501
0.611
0.603
0.601
0.443
0.471
0.596
0.610
0.563
0.565
0.465
0.580
0.445
0.604
0.526
0.601
0.343
0.552
0.594
0.540
0.399
0.533
0.570
0.578
0.573
0.488
0.538
0.586
0.597
0.573
0.456
0.584
0.571
0.628
0.597
0.548
0.431
0.542
0.534
0.567
0.522
0.505
0.514
0.600
0.459
0.595
0.474
0.499
0.440
0.450
0.556
0.390
0.434
0.395
0.552
0.345
0.372
0.401
0.576
0.493
0.550
0.456
0.581
0.511
0.456
0.498
0.433
0.514
0.552
0.566
0.573
0.551
0.602
0.561
0.611
0.581
0.556
0.572
0.584
0.604
0.560
0.564
0.403
0.492
0.487
0.543
0.601
0.564
0.524
0.592
0.595
0.585
0.570
0.500
0.515
0.599
0.560
0.467
0.467
0.546
0.393
0.547
0.597
0.595
0.410
0.468
0.538
0.623
0.572
0.556
0.567
0.515
0.600
0.576
0.545
0.499
0.513
0.567
0.573
0.595
0.607
0.449
0.541
0.569
0.552
0.579
0.556
0.498
0.314
0.307
0.576
0.591
0.597
0.618
0.618
0.472
0.579
0.340
0.538
0.339
0.583
0.667
0.624
0.626
0.598
0.613
0.640
0.614
0.346
0.507
0.478
0.375
0.615
0.631
0.589
0.405
0.561
0.510
0.580
0.590
0.619
0.580
0.580
0.599
0.634
0.594
0.604
0.616
0.332
0.529
0.602
0.596
0.598
0.631
0.585
0.205
0.494
0.588
0.609
0.599
0.519
0.528
0.209
0.561
0.564
0.637
0.575
0.589
0.591
0.440
0.441
0.548
0.609
0.638
0.601
0.450
0.539
0.615
0.385
0.469
0.571
0.599
0.571
0.578
0.545
0.518
0.570
0.612
0.621
0.390
0.568
0.364
0.618
0.556
0.604
0.627
0.596
0.620
0.574
0.616
0.629
0.566
0.545
0.598
0.568
0.602
0.565
0.571
0.627
0.629
0.531
0.450
0.503
0.315
0.614
0.603
0.577
0.619
0.640
0.578
0.547
0.611
0.512
0.592
0.583
0.592
0.630
0.630
0.595
0.612
0.611
0.585
0.591
0.528
0.610
0.565
0.605
0.609
0.596
0.483
0.488
0.307
0.543
0.604
0.534
0.586
0.571
0.574
0.580
0.569
0.567
0.567
0.607
0.580
0.583
0.520
0.660
0.362
0.584
0.609
0.575
0.496
0.537
0.634
0.515
0.547
0.319
0.353
0.302
0.581
0.576
0.606
0.585
0.572
0.614
0.586
0.598
0.479
0.605
0.638
0.590
0.595
0.608
0.592
0.611
0.608
0.631
0.338
0.543
0.551
0.578
0.576
0.610
0.631
0.595
0.612
0.611
0.607
0.616
0.595
0.617
0.529
0.627
0.561
0.602
0.574
0.541
0.618
0.418
0.532
0.604
0.579
0.597
0.565
0.515
0.580
0.574
0.555
0.287
0.315
0.387
0.552
0.621
0.583
0.579
0.633
0.578
0.355
0.364
0.565
0.556
0.583
0.444
0.523
0.608
0.622
0.523
0.361
0.597
0.550
0.501
0.615
0.603
0.662
0.639
0.567
0.564
0.589
0.449
0.371
0.575
0.554
0.559
0.602
0.552
0.607
0.617
0.564
0.600
0.313
0.375
0.588
0.614
0.514
0.636
0.566
0.410
0.395
0.416
0.520
0.375
0.375
0.347
0.527
0.504
0.509
0.594
0.382
0.457
0.350
0.541
0.546
0.508
0.386
0.472
0.389
0.482
0.593
0.437
0.328
0.511
0.572
0.528
0.599
0.467
0.548
0.584
0.503
0.531
0.531
0.411
0.424
0.432
0.357
0.320
0.327
0.457
0.373
0.454
0.297
0.352
0.527
0.457
0.590
0.429
0.330
0.472
0.510
0.523
0.494
0.633
0.574
0.458
0.440
0.530
0.488
0.492
0.523
0.548
0.504
0.447
0.548
0.275
0.506
0.322
0.542
0.595
0.560
0.583
0.468
0.473
0.609
0.321
0.385
0.474
0.395
0.337
0.524
0.566
0.496
0.515
0.523
0.372
0.456
0.455
0.572
0.434
0.483
0.436
0.518
0.621
0.497
0.410
0.575
0.592
0.498
0.554
0.486
0.461
0.422
0.425
0.500
0.597
0.521
0.395
0.610
0.385
0.479
0.317
0.520
0.573
0.560
0.623
0.511
0.548
0.527
0.593
0.379
0.520
0.593
0.525
0.574
0.563
0.588
0.422
0.521
0.568
0.563
0.436
0.560
0.558
0.587
0.593
0.413
0.558
0.400
0.409
0.579
0.539
0.578
0.579
0.541
0.583
0.573
0.577
0.562
0.587
0.580
0.567
0.580
0.315
0.557
0.536
0.589
0.615
0.589
0.577
0.307
0.517
0.605
0.370
0.534
0.596
0.586
0.459
0.528
0.502
0.394
0.569
0.534
0.556
0.376
0.428
0.616
0.352
0.587
0.638
0.451
0.396
0.517
0.475
0.510
0.519
0.484
0.589
0.484
0.586
0.618
0.358
0.578
0.575
0.572
0.563
0.555
0.573
0.546
0.490
0.525
0.582
0.549
0.429
0.546
0.561
0.413
0.525
0.422
0.344
0.561
0.590
0.567
0.625
0.376
0.632
0.464
0.603
0.534
0.311
0.289
0.345
0.310
0.310
0.554
0.550
0.438
0.380
0.438
0.402
0.553
0.616
0.590
0.279
0.558
0.619
0.569
0.534
0.596
0.565
0.666
0.453
0.455
0.291
0.501
0.445
0.439
0.627
0.456
0.472
0.479
0.444
0.515
0.480
0.554
0.346
0.332
0.325
0.364
0.321
0.317
0.358
0.313
0.399
0.337
0.336
0.442
0.325
0.379
0.500
0.478
0.565
0.378
0.396
0.345
0.505
0.378
0.473
0.546
0.551
0.472
0.408
0.377
0.414
0.461
0.518
0.444
0.347
0.417
0.589
0.473
0.576
0.510
0.505
0.405
0.495
0.543
0.463
0.402
0.577
0.511
0.530
0.594
0.432
0.447
0.535
0.630
0.538
0.610
0.552
0.547
0.579
0.434
0.508
0.607
0.588
0.465
0.561
0.559
0.602
0.250
0.491
0.456
0.397
0.545
0.324
0.459
0.543
0.578
0.589
0.419
0.499
0.553
0.539
0.606
0.577
0.629
0.538
0.601
0.593
0.513
0.587
0.553
0.487
0.536
0.634
0.586
0.595
0.594
0.550
0.565
0.498
0.390
0.369
0.423
0.426
0.288
0.447
0.566
0.462
0.319
0.507
0.488
0.555
0.559
0.423
0.442
0.432
0.542
0.461
0.340
0.411
0.477
0.548
0.326
0.453
0.595
0.419
0.247
0.452
0.374
0.487
0.533
0.438
0.510
0.383
0.434
0.457
0.450
0.522
0.528
0.524
0.511
0.484
0.542
0.420
0.509
0.541
0.380
0.304
0.469
0.530
0.452
0.379
0.407
0.396
0.427
0.406
0.310
0.330
0.345
0.317
0.364
0.428
0.445
0.422
0.421
0.442
0.411
0.456
0.535
0.390
0.516
0.517
0.467
0.465
0.618
0.553
0.438
0.551
0.499
0.503
0.431
0.482
0.450
0.513
0.518
0.516
0.479
0.547
0.373
0.526
0.527
0.558
0.384
0.446
0.427
0.591
0.510
0.496
0.607
0.555
0.461
0.496
0.547
0.455
0.553
0.447
0.463
0.581
0.568
0.551
0.626
0.585
0.604
0.595
0.580
0.414
0.579
0.566
0.639
0.559
0.677
0.598
0.602
0.611
0.554
0.604
0.524
0.507
0.458
0.552
0.659
0.569
0.435
0.495
0.538
0.503
0.528
0.452
0.281
0.373
0.499
0.388
0.349
0.435
0.357
0.589
0.433
0.396
0.517
0.447
0.540
0.570
0.504
0.491
0.443
0.474
0.348
0.481
0.555
0.565
0.578
0.468
0.333
0.456
0.423
0.429
0.440
0.447
0.559
0.590
0.544
0.334
0.375
0.560
0.549
0.531
0.472
0.533
0.308
0.373
0.402
0.535
0.510
0.487
0.490
0.563
0.550
0.490
0.572
0.542
0.547
0.510
0.506
0.593
0.551
0.519
0.542
0.488
0.540
0.387
0.560
0.572
0.551
0.542
0.509
0.448
0.551
0.530
0.502
0.459
0.583
0.500
0.526
0.521
0.472
0.412
0.536
0.553
0.442
0.379
0.584
0.526
0.506
0.310
0.312
0.312
0.503
0.563
0.596
0.451
0.508
0.556
0.464
0.480
0.439
0.495
0.432
0.559
0.359
0.507
0.460
0.231
0.304
0.439
0.488
0.447
0.505
0.446
0.335
0.347
0.307
0.384
0.505
0.553
0.536
0.509
0.545
0.501
0.576
0.598
0.524
0.477
0.546
0.548
0.528
0.593
0.468
0.412
0.575
0.453
0.435
0.450
0.528
0.590
0.569
0.535
0.509
0.443
0.524
0.432
0.281
0.495
0.577
0.533
0.555
0.464
0.476
0.442
0.404
0.346
0.463
0.482
0.402
0.505
0.348
0.499
0.544
0.554
0.475
0.564
0.509
0.474
0.568
0.392
0.320
0.533
0.493
0.508
0.493
0.578
0.635
0.500
0.555
0.406
0.544
0.585
0.538
0.552
0.533
0.590
0.480
0.484
0.581
0.543
0.465
0.531
0.467
0.430
0.299
0.321
0.555
0.518
0.410
0.451
0.546
0.595
0.519
0.570
0.519
0.548
0.579
0.559
0.400
0.545
0.542
0.542
0.510
0.467
0.546
0.566
0.287
0.485
0.502
0.443
0.575
0.635
0.477
0.425
0.526
0.533
0.437
0.292
0.554
0.372
0.516
0.499
0.488
0.600
0.564
0.587
0.548
0.590
0.545
0.553
0.582
0.541
0.584
0.601
0.587
0.561
0.533
0.293
0.518
0.514
0.520
0.515
0.442
0.500
0.482
0.519
0.310
0.539
0.434
0.492
0.541
0.495
0.513
0.419
0.326
0.550
0.523
0.560
0.574
0.515
0.567
0.576
0.359
0.262
0.494
0.331
0.539
0.536
0.560
0.452
0.543
0.472
0.596
0.623
0.498
0.380
0.582
0.553
0.362
0.447
0.297
0.447
0.382
0.512
0.322
0.498
0.385
0.539
0.485
0.527
0.394
0.513
0.408
0.480
0.551
0.540
0.565
0.588
0.547
0.582
0.390
0.521
0.589
0.357
0.542
0.464
0.523
0.535
0.480
0.350
0.544
0.408
0.439
0.545
0.356
0.322
0.441
0.569
0.345
0.443
0.542
0.380
0.505
0.454
0.327
0.547
0.594
0.240
0.605
0.593
0.625
0.575
0.536
0.533
0.560
0.514
0.556
0.520
0.612
0.578
0.629
0.537
0.494
0.388
0.553
0.571
0.565
0.612
0.607
0.609
0.582
0.565
0.601
0.421
0.348
0.487
0.441
0.468
0.547
0.608
0.595
0.544
0.563
0.559
0.517
0.468
0.589
0.589
0.480
0.572
0.558
0.431
0.511
0.525
0.658
0.504
0.522
0.449
0.377
0.608
0.387
0.500
0.612
0.542
0.478
0.569
0.608
0.573
0.567
0.546
0.374
0.417
0.609
0.548
0.548
0.499
0.534
0.518
0.569
0.614
0.371
0.475
0.406
0.474
0.548
0.492
0.541
0.286
0.523
0.565
0.580
0.516
0.549
0.538
0.542
0.540
0.489
0.491
0.459
0.547
0.347
0.604
0.511
0.564
0.494
0.448
0.496
0.579
0.543
0.593
0.544
0.548
0.525
0.462
0.462
0.518
0.583
0.602
0.529
0.376
0.525
0.550
0.546
0.543
0.514
0.557
0.557
0.508
0.549
0.546
0.452
0.545
0.538
0.519
0.572
0.552
0.514
0.458
0.613
0.480
0.490
0.445
0.347
0.572
0.537
0.352
0.543
0.546
0.577
0.570
0.535
0.548
0.515
0.608
0.587
0.574
0.573
0.513
0.377
0.390
0.221
0.503
0.452
0.566
0.461
0.575
0.603
0.388
0.464
0.597
0.536
0.599
0.535
0.529
0.574
0.565
0.543
0.518
0.520
0.512
0.387
0.481
0.575
0.547
0.471
0.489
0.516
0.433
0.519
0.541
0.478
0.478
0.464
0.577
0.500
0.554
0.518
0.561
0.447
0.419
0.423
0.300
0.546
0.358
0.420
0.442
0.538
0.546
0.546
0.551
0.471
0.525
0.483
0.296
0.475
0.527
0.466
0.605
0.528
0.550
0.442
0.527
0.534
0.446
0.549
0.539
0.294
0.468
0.552
0.544
0.507
0.623
0.467
0.638
0.574
0.635
0.567
0.466
0.510
0.596
0.480
0.427
0.472
0.477
0.576
0.335
0.505
0.523
0.404
0.466
0.589
0.573
0.559
0.457
0.578
0.532
0.500
0.390
0.533
0.581
0.482
0.495
0.584
0.566
0.575
0.595
0.543
0.610
0.550
0.341
0.411
0.519
0.352
0.322
0.556
0.369
0.515
0.533
0.448
0.561
0.378
0.527
0.485
0.573
0.473
0.497
0.576
0.490
0.588
0.500
0.499
0.537
0.579
0.555
0.574
0.365
0.487
0.525
0.476
0.461
0.538
0.579
0.491
0.500
0.437
0.320
0.418
0.532
0.552
0.491
0.578
0.518
0.564
0.432
0.554
0.399
0.549
0.372
0.303
0.528
0.430
0.583
0.426
0.617
0.548
0.539
0.560
0.416
0.550
0.361
0.576
0.482
0.380
0.295
0.510
0.572
0.486
0.535
0.542
0.465
0.577
0.430
0.523
0.566
0.556
0.498
0.298
0.531
0.412
0.423
0.551
0.591
0.551
0.545
0.365
0.502
0.502
0.423
0.399
0.440
0.543
0.578
0.294
0.437
0.481
0.520
0.586
0.598
0.560
0.614
0.574
0.389
0.568
0.514
0.362
0.563
0.496
0.467
0.539
0.576
0.533
0.475
0.539
0.553
0.587
0.573
0.516
0.399
0.549
0.496
0.546
0.474
0.525
0.454
0.466
0.518
0.546
0.386
0.534
0.493
0.517
0.584
0.446
0.490
0.483
0.594
0.426
0.549
0.460
0.474
0.567
0.577
0.545
0.585
0.495
0.583
0.636
0.597
0.220
0.226
0.227
0.372
0.460
0.411
0.510
0.401
0.422
0.241
0.480
0.494
0.361
0.365
0.319
0.550
0.458
0.516
0.482
0.567
0.568
0.611
0.543
0.535
0.589
0.469
0.324
0.557
0.585
0.613
0.494
0.488
0.582
0.544
0.572
0.498
0.427
0.602
0.470
0.311
0.547
0.541
0.549
0.596
0.595
0.605
0.543
0.434
0.422
0.597
0.393
0.395
0.425
0.462
0.428
0.547
0.508
0.597
0.574
0.589
0.566
0.516
0.395
0.525
0.579
0.392
0.488
0.537
0.506
0.453
0.626
0.574
0.676
0.529
0.387
0.545
0.550
0.526
0.386
0.435
0.502
0.575
0.608
0.555
0.353
0.577
0.528
0.543
0.541
0.598
0.512
0.553
0.581
0.570
0.575
0.617
0.536
0.331
0.545
0.560
0.517
0.487
0.597
0.520
0.509
0.590
0.438
0.552
0.604
0.638
0.607
0.578
0.610
0.606
0.578
0.573
0.570
0.553
0.566
0.391
0.537
0.533
0.500
0.598
0.581
0.548
0.536
0.358
0.578
0.571
0.402
0.591
0.558
0.528
0.295
0.566
0.578
0.507
0.333
0.440
0.421
0.457
0.495
0.575
0.561
0.482
0.575
0.466
0.501
0.611
0.555
0.591
0.515
0.568
0.476
0.517
0.444
0.523
0.449
0.500
0.530
0.436
0.542
0.529
0.450
0.427
0.438
0.420
0.561
0.497
0.495
0.395
0.521
0.527
0.503
0.439
0.428
0.547
0.524
0.535
0.550
0.569
0.586
0.534
0.395
0.333
0.328
0.333
0.566
0.305
0.475
0.609
0.575
0.443
0.531
0.449
0.528
0.323
0.562
0.491
0.578
0.540
0.515
0.512
0.556
0.496
0.503
0.357
0.453
0.550
0.321
0.489
0.592
0.450
0.532
0.568
0.635
0.619
0.585
0.451
0.461
0.479
0.548
0.457
0.420
0.291
0.522
0.487
0.561
0.508
0.568
0.534
0.525
0.572
0.493
0.552
0.567
0.498
0.409
0.595
0.434
0.509
0.455
0.557
0.541
0.550
0.310
0.452
0.457
0.556
0.501
0.437
0.537
0.500
0.495
0.581
0.469
0.505
0.343
0.615
0.570
0.532
0.554
0.578
0.507
0.552
0.431
0.336
0.584
0.492
0.542
0.509
0.570
0.590
0.559
0.593
0.552
0.531
0.498
0.505
0.550
0.405
0.400
0.385
0.366
0.418
0.570
0.428
0.590
0.485
0.520
0.382
0.574
0.515
0.566
0.469
0.462
0.601
0.537
0.566
0.392
0.433
0.486
0.595
0.588
0.440
0.539
0.577
0.552
0.509
0.539
0.551
0.589
0.382
0.444
0.476
0.550
0.599
0.609
0.574
0.540
0.599
0.565
0.558
0.585
0.474
0.491
0.582
0.563
0.474
0.456
0.477
0.614
0.595
0.590
0.594
0.571
0.560
0.590
0.584
0.591
0.387
0.550
0.636
0.607
0.414
0.535
0.533
0.548
0.531
0.551
0.517
0.557
0.560
0.586
0.465
0.572
0.553
0.578
0.495
0.474
0.595
0.322
0.473
0.592
0.510
0.609
0.582
0.580
0.582
0.526
0.551
0.539
0.528
0.555
0.407
0.439
0.338
0.571
0.372
0.591
0.576
0.376
0.465
0.497
0.565
0.589
0.555
0.558
0.460
0.556
0.578
0.516
0.520
0.578
0.596
0.415
0.470
0.424
0.549
0.594
0.564
0.504
0.472
0.480
0.553
0.593
0.559
0.513
0.562
0.530
0.537
0.552
0.506
0.525
0.438
0.582
0.462
0.460
0.505
0.478
0.503
0.510
0.400
0.432
0.487
0.519
0.515
0.502
0.517
0.555
0.483
0.404
0.508
0.508
0.425
0.571
0.430
0.543
0.592
0.286
0.535
0.512
0.456
0.469
0.351
0.308
0.318
0.536
0.372
0.421
0.441
0.554
0.582
0.539
0.404
0.558
0.543
0.486
0.458
0.582
0.499
0.547
0.509
0.554
0.423
0.544
0.502
0.555
0.596
0.543
0.551
0.597
0.441
0.568
0.406
0.533
0.454
0.553
0.558
0.515
0.304
0.507
0.559
0.531
0.500
0.501
0.548
0.529
0.474
0.594
0.536
0.463
0.555
0.350
0.294
0.308
0.433
0.523
0.598
0.676
0.573
0.534
0.351
0.544
0.549
0.354
0.438
0.556
0.337
0.471
0.488
0.601
0.565
0.603
0.546
0.665
0.405
0.458
0.601
0.517
0.548
0.538
0.550
0.543
0.375
0.489
0.444
0.488
0.545
0.582
0.574
0.554
0.439
0.447
0.540
0.469
0.370
0.497
0.528
0.572
0.474
0.384
0.573
0.467
0.560
0.618
0.530
0.604
0.609
0.473
0.415
0.488
0.563
0.571
0.506
0.626
0.535
0.383
0.415
0.458
0.546
0.546
0.538
0.625
0.563
0.574
0.537
0.544
0.536
0.560
0.605
0.536
0.584
0.390
0.518
0.444
0.435
0.396
0.440
0.566
0.496
0.402
0.420
0.508
0.502
0.436
0.504
0.563
0.420
0.523
0.554
0.465
0.624
0.544
0.460
0.501
0.529
0.341
0.480
0.347
0.499
0.422
0.433
0.542
0.427
0.387
0.548
0.523
0.404
0.547
0.486
0.554
0.512
0.575
0.585
0.421
0.369
0.556
0.608
0.599
0.562
0.333
0.559
0.573
0.527
0.514
0.406
0.489
0.520
0.574
0.490
0.621
0.567
0.445
0.522
0.517
0.560
0.572
0.540
0.460
0.482
0.502
0.510
0.506
0.575
0.479
0.522
0.485
0.482
0.603
0.547
0.519
0.495
0.574
0.371
0.537
0.416
0.562
0.543
0.542
0.578
0.523
0.593
0.558
0.592
0.471
0.567
0.620
0.428
0.594
0.412
0.539
0.421
0.527
0.423
0.473
0.452
0.499
0.422
0.514
0.330
0.532
0.551
0.582
0.551
0.527
0.598
0.530
0.432
0.611
0.498
0.583
0.532
0.451
0.543
0.543
0.593
0.535
0.299
0.480
0.289
0.568
0.577
0.574
0.544
0.566
0.596
0.448
0.395
0.523
0.479
0.558
0.442
0.479
0.599
0.536
0.531
0.586
0.622
0.557
0.602
0.376
0.542
0.501
0.580
0.598
0.502
0.558
0.527
0.536
0.494
0.585
0.587
0.526
0.571
0.567
0.581
0.589
0.313
0.583
0.591
0.600
0.562
0.369
0.486
0.577
0.529
0.386
0.422
0.535
0.355
0.575
0.570
0.475
0.547
0.481
0.529
0.564
0.584
0.525
0.578
0.593
0.574
0.376
0.414
0.560
0.598
0.577
0.461
0.337
0.476
0.558
0.592
0.543
0.570
0.253
0.390
0.536
0.552
0.593
0.477
0.501
0.579
0.417
0.572
0.534
0.485
0.612
0.584
0.419
0.483
0.608
0.542
0.578
0.407
0.565
0.514
0.527
0.586
0.524
0.512
0.482
0.456
0.413
0.492
0.266
0.413
0.585
0.584
0.566
0.268
0.485
0.576
0.361
0.603
0.584
0.591
0.355
0.424
0.326
0.452
0.524
0.587
0.560
0.542
0.532
0.335
0.459
0.392
0.573
0.516
0.381
0.515
0.455
0.416
0.591
0.479
0.357
0.444
0.455
0.525
0.561
0.607
0.560
0.582
0.552
0.569
0.544
0.507
0.562
0.422
0.479
0.561
0.507
0.537
0.455
0.594
0.605
0.535
0.573
0.310
0.554
0.487
0.511
0.524
0.347
0.532
0.455
0.458
0.481
0.585
0.428
0.541
0.467
0.407
0.368
0.489
0.545
0.562
0.436
0.226
0.515
0.503
0.540
0.621
0.530
0.690
0.448
0.283
0.556
0.609
0.488
0.527
0.527
0.542
0.562
0.588
0.607
0.292
0.451
0.586
0.410
0.551
0.506
0.334
0.519
0.382
0.530
0.421
0.529
0.570
0.582
0.492
0.453
0.457
0.403
0.609
0.448
0.590
0.448
0.494
0.581
0.609
0.574
0.590
0.361
0.579
0.491
0.544
0.555
0.564
0.494
0.405
0.496
0.472
0.448
0.525
0.576
0.472
0.549
0.409
0.367
0.302
0.523
0.496
0.551
0.424
0.499
0.327
0.586
0.357
0.551
0.609
0.388
0.566
0.599
0.562
0.471
0.410
0.249
0.477
0.605
0.426
0.613
0.506
0.557
0.546
0.550
0.564
0.575
0.602
0.596
0.613
0.609
0.390
0.582
0.584
0.455
0.482
0.602
0.660
0.634
0.614
0.457
0.633
0.504
0.388
0.479
0.536
0.504
0.481
0.519
0.600
0.604
0.407
0.605
0.604
0.642
0.604
0.379
0.377
0.668
0.620
0.546
0.614
0.560
0.615
0.473
0.468
0.616
0.566
0.515
0.552
0.593
0.607
0.633
0.475
0.352
0.593
0.430
0.600
0.599
0.581
0.613
0.320
0.300
0.564
0.446
0.570
0.619
0.628
0.574
0.344
0.347
0.480
0.561
0.604
0.368
0.337
0.543
0.413
0.619
0.672
0.587
0.375
0.253
0.539
0.599
0.597
0.576
0.616
0.613
0.548
0.535
0.552
0.575
0.323
0.415
0.429
0.429
0.295
0.495
0.515
0.316
0.564
0.559
0.329
0.515
0.411
0.424
0.540
0.302
0.587
0.632
0.576
0.662
0.476
0.591
0.600
0.632
0.348
0.521
0.571
0.623
0.597
0.638
0.533
0.508
0.592
0.313
0.339
0.570
0.529
0.633
0.675
0.585
0.600
0.573
0.606
0.408
0.550
0.264
0.598
0.506
0.405
0.515
0.592
0.443
0.558
0.581
0.600
0.488
0.419
0.654
0.590
0.562
0.595
0.667
0.611
0.657
0.621
0.667
0.634
0.465
0.597
0.637
0.622
0.304
0.530
0.480
0.612
0.571
0.573
0.540
0.570
0.586
0.589
0.594
0.597
0.644
0.442
0.573
0.602
0.598
0.634
0.598
0.592
0.611
0.621
0.590
0.569
0.570
0.544
0.658
0.597
0.653
0.583
0.558
0.614
0.588
0.598
0.559
0.609
0.617
0.587
0.600
0.589
0.395
0.558
0.624
0.642
0.422
0.416
0.469
0.553
0.633
0.614
0.591
0.611
0.526
0.372
0.632
0.545
0.385
0.600
0.617
0.617
0.599
0.590
0.569
0.599
0.576
0.570
0.390
0.582
0.553
0.544
0.630
0.572
0.524
0.608
0.471
0.343
0.569
0.562
0.448
0.449
0.605
0.634
0.635
0.659
0.630
0.542
0.596
0.613
0.442
0.551
0.554
0.493
0.283
0.331
0.575
0.575
0.563
0.435
0.394
0.474
0.413
0.496
0.590
0.588
0.588
0.310
0.511
0.472
0.526
0.479
0.363
0.343
0.482
0.600
0.619
0.593
0.458
0.593
0.577
0.609
0.509
0.555
0.235
0.392
0.568
0.543
0.625
0.538
0.610
0.564
0.617
0.605
0.647
0.641
0.600
0.579
0.393
0.555
0.456
0.513
0.592
0.593
0.583
0.517
0.584
0.578
0.562
0.272
0.599
0.580
0.559
0.564
0.563
0.440
0.615
0.520
0.537
0.499
0.492
0.584
0.564
0.345
0.304
0.539
0.505
0.583
0.625
0.593
0.618
0.547
0.575
0.591
0.580
0.514
0.590
0.538
0.569
0.585
0.583
0.568
0.561
0.609
0.566
0.568
0.487
0.542
0.577
0.596
0.567
0.573
0.537
0.615
0.605
0.592
0.564
0.396
0.589
0.612
0.466
0.557
0.576
0.556
0.476
0.552
0.627
0.541
0.506
0.511
0.478
0.557
0.547
0.574
0.576
0.622
0.575
0.613
0.549
0.567
0.566
0.557
0.482
0.362
0.512
0.539
0.479
0.385
0.549
0.488
0.596
0.295
0.529
0.574
0.568
0.592
0.570
0.616
0.289
0.539
0.581
0.566
0.537
0.480
0.599
0.600
0.610
0.593
0.601
0.206
0.624
0.550
0.587
0.611
0.353
0.544
0.614
0.567
0.591
0.583
0.593
0.524
0.493
0.570
0.505
0.582
0.557
0.589
0.591
0.575
0.267
0.600
0.578
0.551
0.580
0.448
0.294
0.373
0.445
0.441
0.625
0.592
0.520
0.559
0.542
0.572
0.564
0.553
0.450
0.520
0.554
0.397
0.451
0.587
0.582
0.638
0.565
0.429
0.548
0.586
0.478
0.599
0.573
0.539
0.564
0.509
0.618
0.559
0.612
0.560
0.422
0.459
0.592
0.423
0.500
0.564
0.515
0.582
0.561
0.573
0.550
0.522
0.580
0.521
0.556
0.525
0.499
0.517
0.572
0.540
0.503
0.626
0.500
0.581
0.587
0.560
0.523
0.525
0.538
0.613
0.518
0.555
0.532
0.552
0.491
0.576
0.554
0.580
0.349
0.562
0.487
0.531
0.316
0.517
0.508
0.599
0.556
0.572
0.619
0.625
0.518
0.543
0.526
0.507
0.558
0.500
0.428
0.497
0.491
0.572
0.567
0.633
0.594
0.570
0.370
0.564
0.564
0.346
0.290
0.504
0.437
0.492
0.610
0.619
0.613
0.613
0.607
0.643
0.525
0.236
0.417
0.589
0.610
0.619
0.505
0.410
0.315
0.497
0.625
0.579
0.431
0.588
0.619
0.614
0.599
0.569
0.586
0.472
0.403
0.635
0.467
0.582
0.527
0.577
0.561
0.336
0.447
0.573
0.562
0.295
0.556
0.598
0.569
0.651
0.595
0.590
0.496
0.449
0.464
0.307
0.492
0.460
0.616
0.553
0.554
0.590
0.475
0.572
0.596
0.656
0.625
0.391
0.569
0.522
0.517
0.606
0.618
0.647
0.602
0.598
0.544
0.617
0.600
0.580
0.564
0.506
0.598
0.578
0.608
0.322
0.431
0.521
0.580
0.578
0.562
0.370
0.392
0.634
0.613
0.468
0.435
0.581
0.296
0.606
0.529
0.390
0.530
0.523
0.566
0.573
0.555
0.588
0.268
0.591
0.620
0.452
0.581
0.593
0.585
0.605
0.643
0.559
0.614
0.568
0.607
0.475
0.534
0.600
0.537
0.369
0.611
0.660
0.629
0.591
0.579
0.602
0.560
0.575
0.601
0.618
0.622
0.526
0.404
0.586
0.586
0.590
0.566
0.462
0.353
0.513
0.607
0.631
0.557
0.417
0.472
0.567
0.508
0.393
0.538
0.575
0.609
0.401
0.516
0.519
0.332
0.534
0.444
0.564
0.626
0.623
0.597
0.553
0.603
0.591
0.505
0.457
0.365
0.454
0.554
0.573
0.293
0.533
0.535
0.650
0.461
0.319
0.495
0.524
0.267
0.511
0.645
0.602
0.518
0.495
0.484
0.517
0.590
0.599
0.470
0.598
0.582
0.631
0.568
0.602
0.603
0.582
0.500
0.575
0.611
0.553
0.504
0.563
0.564
0.469
0.542
0.482
0.403
0.326
0.407
0.386
0.552
0.505
0.615
0.586
0.595
0.616
0.542
0.590
0.513
0.521
0.558
0.521
0.608
0.543
0.535
0.556
0.577
0.635
0.607
0.576
0.371
0.403
0.494
0.511
0.383
0.573
0.570
0.268
0.604
0.325
0.518
0.604
0.566
0.521
0.592
0.637
0.298
0.563
0.557
0.611
0.572
0.593
0.298
0.590
0.606
0.492
0.320
0.359
0.392
0.316
0.411
0.557
0.562
0.623
0.404
0.438
0.568
0.607
0.541
0.592
0.575
0.561
0.609
0.587
0.509
0.580
0.573
0.514
0.546
0.577
0.560
0.624
0.599
0.401
0.599
0.553
0.591
0.582
0.605
0.579
0.495
0.616
0.548
0.614
0.530
0.587
0.539
0.568
0.675
0.543
0.527
0.311
0.479
0.600
0.580
0.398
0.543
0.556
0.549
0.412
0.529
0.563
0.533
0.581
0.636
0.578
0.573
0.618
0.589
0.312
0.574
0.563
0.601
0.587
0.602
0.591
0.561
0.570
0.567
0.572
0.596
0.641
0.244
0.561
0.265
0.479
0.278
0.466
0.572
0.557
0.559
0.589
0.469
0.560
0.325
0.444
0.346
0.586
0.588
0.536
0.569
0.416
0.493
0.289
0.354
0.548
0.583
0.465
0.508
0.574
0.560
0.582
0.573
0.565
0.590
0.584
0.538
0.522
0.460
0.559
0.579
0.298
0.281
0.503
0.231
0.591
0.572
0.585
0.567
0.578
0.476
0.486
0.538
0.369
0.530
0.562
0.598
0.572
0.597
0.600
0.579
0.317
0.530
0.573
0.605
0.365
0.422
0.637
0.571
0.579
0.496
0.402
0.431
0.571
0.609
0.632
0.312
0.476
0.610
0.601
0.571
0.609
0.577
0.617
0.584
0.342
0.371
0.604
0.595
0.582
0.606
0.573
0.589
0.383
0.506
0.435
0.603
0.345
0.575
0.541
0.564
0.482
0.559
0.517
0.533
0.382
0.612
0.600
0.585
0.588
0.242
0.555
0.571
0.450
0.286
0.338
0.462
0.487
0.554
0.608
0.582
0.518
0.458
0.475
0.559
0.584
0.368
0.505
0.515
0.645
0.603
0.589
0.576
0.591
0.573
0.594
0.585
0.450
0.271
0.488
0.341
0.539
0.594
0.620
0.569
0.659
0.476
0.462
0.587
0.641
0.567
0.571
0.598
0.618
0.448
0.535
0.537
0.577
0.639
0.566
0.528
0.581
0.587
0.586
0.576
0.585
0.565
0.650
0.530
0.586
0.575
0.589
0.494
0.588
0.616
0.471
0.614
0.623
0.637
0.569
0.517
0.519
0.563
0.356
0.674
0.558
0.560
0.551
0.561
0.584
0.494
0.557
0.620
0.315
0.413
0.651
0.609
0.627
0.611
0.300
0.563
0.571
0.568
0.555
0.557
0.598
0.553
0.350
0.563
0.524
0.589
0.456
0.528
0.503
0.577
0.560
0.512
0.599
0.610
0.466
0.252
0.288
0.292
0.507
0.531
0.539
0.245
0.335
0.544
0.246
0.492
0.517
0.540
0.518
0.509
0.583
0.618
0.509
0.579
0.431
0.386
0.310
0.366
0.469
0.353
0.516
0.605
0.613
0.500
0.383
0.428
0.602
0.456
0.598
0.613
0.625
0.458
0.259
0.626
0.375
0.553
0.543
0.607
0.596
0.592
0.576
0.414
0.594
0.579
0.582
0.565
0.579
0.615
0.610
0.647
0.595
0.588
0.626
0.398
0.583
0.633
0.493
0.570
0.621
0.370
0.581
0.504
0.461
0.620
0.616
0.458
0.308
0.438
0.488
0.611
0.556
0.568
0.598
0.592
0.568
0.581
0.553
0.469
0.559
0.343
0.591
0.608
0.636
0.599
0.568
0.536
0.603
0.585
0.521
0.617
0.567
0.616
0.643
0.621
0.402
0.342
0.604
0.300
0.399
0.465
0.516
0.568
0.608
0.585
0.253
0.523
0.572
0.607
0.604
0.638
0.391
0.596
0.581
0.551
0.574
0.431
0.403
0.567
0.538
0.355
0.540
0.457
0.538
0.609
0.591
0.601
0.473
0.462
0.571
0.294
0.636
0.575
0.526
0.570
0.590
0.596
0.592
0.585
0.296
0.498
0.631
0.574
0.570
0.569
0.580
0.573
0.584
0.408
0.522
0.625
0.571
0.461
0.477
0.419
0.521
0.572
0.579
0.533
0.527
0.606
0.589
0.568
0.593
0.580
0.552
0.571
0.534
0.565
0.577
0.572
0.593
0.512
0.572
0.588
0.554
0.569
0.557
0.617
0.549
0.505
0.515
0.298
0.328
0.575
0.583
0.570
0.609
0.604
0.447
0.547
0.557
0.599
0.625
0.594
0.545
0.404
0.542
0.429
0.301
0.475
0.469
0.560
0.291
0.334
0.572
0.582
0.558
0.592
0.544
0.479
0.289
0.508
0.593
0.585
0.566
0.466
0.574
0.577
0.577
0.557
0.590
0.462
0.618
0.402
0.509
0.606
0.525
0.542
0.524
0.547
0.567
0.577
0.373
0.436
0.544
0.407
0.567
0.624
0.564
0.593
0.532
0.570
0.600
0.590
0.453
0.480
0.659
0.460
0.526
0.616
0.568
0.573
0.646
0.376
0.476
0.275
0.524
0.524
0.565
0.574
0.654
0.635
0.582
0.567
0.563
0.600
0.571
0.369
0.604
0.506
0.344
0.453
0.382
0.604
0.578
0.434
0.328
0.564
0.581
0.590
0.578
0.522
0.348
0.596
0.569
0.565
0.602
0.572
0.377
0.526
0.522
0.590
0.455
0.534
0.551
0.495
0.558
0.568
0.418
0.504
0.407
0.295
0.564
0.552
0.556
0.602
0.545
0.300
0.345
0.414
0.602
0.547
0.515
0.423
0.596
0.617
0.601
0.600
0.570
0.537
0.372
0.476
0.491
0.588
0.495
0.408
0.558
0.592
0.572
0.278
0.511
0.583
0.558
0.275
0.292
0.451
0.610
0.580
0.427
0.461
0.630
0.535
0.538
0.594
0.600
0.581
0.551
0.577
0.414
0.562
0.619
0.591
0.552
0.590
0.606
0.583
0.426
0.573
0.553
0.580
0.370
0.285
0.437
0.548
0.386
0.554
0.581
0.586
0.585
0.492
0.519
0.577
0.611
0.538
0.448
0.559
0.596
0.606
0.576
0.596
0.612
0.606
0.614
0.582
0.580
0.588
0.590
0.597
0.592
0.566
0.614
0.530
0.581
0.578
0.574
0.583
0.553
0.256
0.423
0.564
0.549
0.527
0.562
0.608
0.559
0.606
0.591
0.568
0.492
0.531
0.482
0.530
0.553
0.577
0.573
0.552
0.488
0.592
0.558
0.625
0.582
0.587
0.540
0.555
0.495
0.464
0.465
0.580
0.555
0.571
0.456
0.532
0.575
0.575
0.514
0.594
0.586
0.606
0.605
0.598
0.595
0.611
0.589
0.423
0.481
0.560
0.433
0.569
0.571
0.598
0.548
0.579
0.577
0.471
0.578
0.534
0.528
0.530
0.455
0.582
0.634
0.639
0.580
0.508
0.279
0.429
0.302
0.588
0.578
0.529
0.553
0.577
0.579
0.579
0.567
0.575
0.485
0.592
0.581
0.579
0.604
0.617
0.492
0.470
0.636
0.589
0.589
0.580
0.587
0.382
0.625
0.571
0.644
0.580
0.474
0.368
0.553
0.593
0.618
0.570
0.571
0.346
0.609
0.567
0.504
0.582
0.397
0.586
0.594
0.561
0.568
0.590
0.603
0.537
0.606
0.333
0.505
0.375
0.551
0.583
0.549
0.521
0.470
0.531
0.534
0.597
0.596
0.615
0.585
0.607
0.567
0.404
0.406
0.564
0.592
0.597
0.544
0.463
0.469
0.599
0.586
0.614
0.591
0.472
0.312
0.585
0.520
0.262
0.486
0.634
0.606
0.253
0.433
0.330
0.369
0.608
0.605
0.596
0.476
0.614
0.587
0.588
0.578
0.388
0.559
0.537
0.585
0.601
0.618
0.580
0.637
0.590
0.215
0.626
0.615
0.526
0.502
0.599
0.590
0.578
0.607
0.545
0.626
0.593
0.575
0.585
0.543
0.573
0.568
0.572
0.588
0.530
0.544
0.596
0.656
0.604
0.551
0.464
0.427
0.464
0.506
0.439
0.570
0.460
0.464
0.505
0.588
0.576
0.557
0.604
0.523
0.616
0.436
0.534
0.612
0.574
0.558
0.583
0.546
0.569
0.556
0.579
0.428
0.412
0.572
0.587
0.630
0.608
0.628
0.445
0.602
0.584
0.599
0.568
0.603
0.646
0.345
0.575
0.536
0.550
0.456
0.523
0.471
0.279
0.560
0.569
0.528
0.599
0.567
0.573
0.533
0.559
0.312
0.432
0.461
0.547
0.602
0.548
0.541
0.469
0.618
0.610
0.543
0.568
0.569
0.554
0.576
0.495
0.346
0.624
0.555
0.582
0.503
0.572
0.620
0.365
0.582
0.565
0.602
0.569
0.605
0.619
0.389
0.547
0.604
0.547
0.566
0.604
0.498
0.546
0.458
0.360
0.440
0.412
0.517
0.587
0.641
0.593
0.568
0.576
0.592
0.535
0.592
0.571
0.390
0.345
0.548
0.454
0.556
0.553
0.359
0.620
0.587
0.668
0.621
0.474
0.521
0.611
0.547
0.572
0.582
0.573
0.543
0.525
0.548
0.558
0.587
0.534
0.564
0.348
0.543
0.559
0.595
0.570
0.344
0.549
0.600
0.610
0.602
0.326
0.595
0.581
0.559
0.558
0.596
0.595
0.569
0.476
0.586
0.476
0.299
0.332
0.321
0.629
0.615
0.370
0.572
0.592
0.544
0.580
0.489
0.591
0.588
0.487
0.580
0.443
0.333
0.538
0.556
0.598
0.630
0.595
0.630
0.486
0.582
0.637
0.611
0.577
0.534
0.586
0.567
0.593
0.595
0.696
0.582
0.351
0.573
0.510
0.526
0.580
0.469
0.479
0.568
0.358
0.611
0.622
0.563
0.601
0.590
0.213
0.499
0.579
0.557
0.601
0.588
0.560
0.578
0.587
0.279
0.230
0.540
0.537
0.569
0.556
0.583
0.572
0.600
0.562
0.558
0.589
0.567
0.598
0.590
0.548
0.561
0.606
0.597
0.485
0.318
0.379
0.589
0.592
0.544
0.570
0.537
0.632
0.605
0.590
0.595
0.577
0.557
0.429
0.541
0.507
0.576
0.569
0.591
0.270
0.546
0.514
0.548
0.568
0.479
0.559
0.599
0.586
0.595
0.589
0.663
0.564
0.248
0.449
0.399
0.560
0.598
0.573
0.584
0.536
0.421
0.548
0.588
0.442
0.568
0.579
0.464
0.537
0.556
0.518
0.583
0.565
0.554
0.551
0.495
0.554
0.477
0.593
0.576
0.546
0.412
0.628
0.577
0.587
0.551
0.366
0.351
0.561
0.506
0.569
0.545
0.572
0.533
0.313
0.546
0.556
0.553
0.534
0.356
0.529
0.586
0.472
0.304
0.581
0.617
0.621
0.551
0.607
0.566
0.551
0.560
0.473
0.473
0.537
0.581
0.611
0.610
0.570
0.599
0.468
0.474
0.574
0.583
0.333
0.556
0.572
0.577
0.539
0.330
0.425
0.454
0.597
0.544
0.593
0.598
0.583
0.499
0.596
0.609
0.315
0.560
0.658
0.578
0.555
0.561
0.545
0.564
0.521
0.538
0.546
0.556
0.545
0.566
0.568
0.506
0.314
0.418
0.495
0.557
0.498
0.575
0.453
0.499
0.541
0.594
0.577
0.572
0.558
0.544
0.584
0.606
0.591
0.573
0.557
0.546
0.617
0.426
0.595
0.549
0.567
0.606
0.538
0.602
0.530
0.588
0.553
0.572
0.557
0.534
0.609
0.558
0.638
0.452
0.569
0.602
0.476
0.304
0.445
0.491
0.549
0.387
0.590
0.606
0.608
0.552
0.580
0.568
0.603
0.559
0.548
0.545
0.577
0.567
0.586
0.376
0.555
0.538
0.582
0.600
0.541
0.557
0.414
0.552
0.582
0.595
0.593
0.518
0.533
0.561
0.555
0.576
0.331
0.553
0.556
0.407
0.529
0.567
0.569
0.561
0.607
0.524
0.522
0.576
0.536
0.657
0.603
0.552
0.568
0.539
0.592
0.581
0.554
0.296
0.594
0.582
0.563
0.556
0.588
0.585
0.607
0.561
0.580
0.523
0.521
0.522
0.558
0.463
0.352
0.527
0.579
0.555
0.587
0.562
0.558
0.520
0.571
0.563
0.283
0.314
0.500
0.297
0.272
0.320
0.607
0.593
0.589
0.550
0.381
0.591
0.587
0.390
0.536
0.639
0.587
0.577
0.622
0.575
0.582
0.621
0.588
0.547
0.599
0.542
0.545
0.624
0.578
0.514
0.593
0.479
0.608
0.493
0.601
0.522
0.528
0.567
0.575
0.612
0.570
0.564
0.676
0.566
0.589
0.390
0.555
0.601
0.563
0.592
0.498
0.636
0.612
0.648
0.498
0.558
0.581
0.522
0.576
0.583
0.565
0.561
0.595
0.479
0.586
0.446
0.602
0.569
0.581
0.610
0.540
0.532
0.507
0.614
0.619
0.566
0.365
0.467
0.596
0.591
0.583
0.524
0.417
0.416
0.581
0.529
0.577
0.577
0.591
0.590
0.569
0.615
0.601
0.550
0.581
0.528
0.583
0.570
0.571
0.610
0.534
0.580
0.356
0.478
0.577
0.574
0.587
0.579
0.560
0.491
0.312
0.475
0.613
0.494
0.373
0.600
0.410
0.481
0.578
0.420
0.499
0.409
0.557
0.584
0.571
0.554
0.584
0.594
0.582
0.583
0.581
0.620
0.577
0.621
0.585
0.577
0.561
0.581
0.560
0.552
0.564
0.545
0.556
0.319
0.565
0.537
0.591
0.545
0.572
0.601
0.596
0.568
0.600
0.557
0.567
0.595
0.558
0.528
0.572
0.455
0.565
0.507
0.504
0.549
0.314
0.574
0.576
0.632
0.556
0.526
0.603
0.569
0.435
0.549
0.581
0.580
0.599
0.558
0.602
0.559
0.581
0.563
0.567
0.556
0.577
0.592
0.542
0.479
0.584
0.551
0.614
0.593
0.571
0.587
0.542
0.612
0.599
0.464
0.499
0.555
0.512
0.382
0.555
0.578
0.436
0.561
0.570
0.616
0.429
0.433
0.578
0.589
0.564
0.561
0.619
0.541
0.549
0.530
0.570
0.576
0.628
0.531
0.304
0.306
0.440
0.311
0.522
0.518
0.431
0.599
0.573
0.504
0.592
0.502
0.565
0.583
0.450
0.551
0.567
0.575
0.567
0.601
0.562
0.565
0.531
0.576
0.564
0.457
0.585
0.572
0.642
0.560
0.574
0.642
0.592
0.298
0.556
0.568
0.591
0.317
0.431
0.320
0.380
0.425
0.487
0.519
0.519
0.592
0.563
0.513
0.575
0.602
0.532
0.457
0.492
0.545
0.587
0.541
0.310
0.580
0.588
0.570
0.597
0.553
0.583
0.559
0.658
0.467
0.523
0.538
0.595
0.607
0.543
0.456
0.611
0.488
0.572
0.576
0.518
0.572
0.597
0.397
0.286
0.595
0.577
0.591
0.477
0.574
0.561
0.587
0.504
0.473
0.346
0.377
0.584
0.536
0.579
0.598
0.559
0.497
0.558
0.586
0.322
0.526
0.569
0.530
0.466
0.518
0.555
0.571
0.579
0.638
0.439
0.576
0.583
0.590
0.272
0.510
0.620
0.602
0.567
0.598
0.583
0.626
0.622
0.392
0.536
0.604
0.545
0.597
0.569
0.605
0.589
0.579
0.418
0.529
0.451
0.583
0.569
0.602
0.545
0.566
0.553
0.477
0.291
0.219
0.560
0.604
0.616
0.471
0.628
0.548
0.571
0.556
0.559
0.576
0.609
0.606
0.621
0.425
0.279
0.447
0.579
0.582
0.566
0.593
0.613
0.610
0.431
0.628
0.492
0.551
0.526
0.445
0.620
0.580
0.561
0.583
0.307
0.564
0.605
0.614
0.443
0.565
0.438
0.573
0.585
0.576
0.446
0.610
0.300
0.565
0.540
0.556
0.510
0.431
0.521
0.571
0.541
0.343
0.442
0.572
0.569
0.569
0.655
0.299
0.608
0.325
0.400
0.534
0.558
0.574
0.421
0.276
0.579
0.529
0.576
0.584
0.414
0.566
0.578
0.556
0.507
0.572
0.423
0.543
0.585
0.613
0.533
0.614
0.564
0.557
0.594
0.492
0.592
0.595
0.481
0.580
0.566
0.484
0.606
0.362
0.462
0.542
0.355
0.440
0.545
0.574
0.567
0.588
0.450
0.495
0.621
0.652
0.602
0.591
0.494
0.305
0.438
0.514
0.326
0.568
0.544
0.251
0.454
0.571
0.575
0.532
0.390
0.576
0.569
0.616
0.451
0.549
0.630
0.300
0.555
0.577
0.484
0.463
0.528
0.614
0.603
0.560
0.619
0.621
0.479
0.342
0.564
0.602
0.592
0.545
0.577
0.594
0.294
0.497
0.551
0.593
0.550
0.569
0.574
0.572
0.570
0.595
0.571
0.534
0.560
0.549
0.634
0.484
0.460
0.358
0.586
0.552
0.313
0.569
0.501
0.380
0.549
0.566
0.531
0.533
0.453
0.580
0.593
0.591
0.486
0.585
0.412
0.562
0.598
0.600
0.586
0.490
0.529
0.578
0.585
0.633
0.451
0.608
0.608
0.544
0.572
0.429
0.605
0.518
0.275
0.525
0.578
0.486
0.589
0.579
0.631
0.550
0.282
0.542
0.595
0.386
0.566
0.620
0.556
0.569
0.496
0.558
0.589
0.608
0.592
0.613
0.608
0.581
0.454
0.586
0.449
0.625
0.613
0.435
0.559
0.481
0.566
0.387
0.566
0.500
0.587
0.554
0.570
0.467
0.386
0.413
0.597
0.485
0.555
0.593
0.567
0.556
0.567
0.477
0.354
0.581
0.580
0.616
0.582
0.574
0.597
0.374
0.595
0.580
0.618
0.556
0.590
0.543
0.552
0.455
0.591
0.565
0.589
0.521
0.594
0.496
0.495
0.325
0.553
0.568
0.586
0.580
0.249
0.622
0.580
0.605
0.522
0.320
0.529
0.420
0.574
0.563
0.501
0.512
0.563
0.554
0.574
0.354
0.441
0.558
0.589
0.574
0.594
0.616
0.521
0.583
0.593
0.416
0.536
0.577
0.533
0.540
0.416
0.451
0.528
0.472
0.406
0.555
0.586
0.599
0.589
0.579
0.567
0.582
0.375
0.584
0.431
0.554
0.586
0.596
0.595
0.249
0.485
0.615
0.501
0.577
0.453
0.453
0.623
0.562
0.584
0.413
0.584
0.553
0.564
0.606
0.579
0.579
0.495
0.576
0.537
0.400
0.564
0.598
0.542
0.629
0.555
0.530
0.501
0.446
0.399
0.572
0.626
0.567
0.354
0.390
0.569
0.610
0.586
0.594
0.471
0.497
0.589
0.589
0.616
0.498
0.548
0.644
0.595
0.524
0.562
0.582
0.571
0.588
0.471
0.560
0.317
0.577
0.509
0.559
0.506
0.452
0.582
0.623
0.581
0.471
0.561
0.611
0.582
0.611
0.468
0.576
0.578
0.488
0.594
0.530
0.504
0.420
0.642
0.578
0.384
0.258
0.578
0.593
0.551
0.448
0.479
0.465
0.495
0.550
0.625
0.592
0.583
0.505
0.545
0.392
0.583
0.560
0.529
0.570
0.379
0.412
0.464
0.583
0.582
0.339
0.346
0.596
0.569
0.560
0.606
0.572
0.602
0.396
0.556
0.405
0.278
0.317
0.352
0.555
0.572
0.242
0.555
0.533
0.553
0.456
0.339
0.459
0.623
0.574
0.274
0.575
0.598
0.393
0.581
0.578
0.546
0.411
0.566
0.593
0.561
0.516
0.650
0.487
0.579
0.564
0.246
0.521
0.508
0.499
0.508
0.562
0.638
0.492
0.459
0.598
0.647
0.462
0.531
0.297
0.578
0.553
0.574
0.575
0.584
0.617
0.559
0.375
0.596
0.590
0.574
0.537
0.455
0.561
0.566
0.593
0.605
0.552
0.576
0.614
0.455
0.337
0.495
0.503
0.603
0.595
0.546
0.582
0.368
0.333
0.560
0.551
0.564
0.616
0.559
0.544
0.554
0.576
0.571
0.568
0.541
0.537
0.435
0.580
0.636
0.301
0.565
0.620
0.590
0.372
0.541
0.379
0.549
0.635
0.612
0.295
0.241
0.499
0.578
0.594
0.552
0.609
0.482
0.619
0.577
0.619
0.530
0.465
0.388
0.552
0.587
0.598
0.583
0.539
0.583
0.527
0.647
0.492
0.496
0.618
0.527
0.568
0.571
0.558
0.562
0.572
0.484
0.613
0.488
0.437
0.574
0.542
0.629
0.552
0.535
0.517
0.551
0.580
0.470
0.377
0.583
0.454
0.605
0.612
0.597
0.238
0.561
0.542
0.610
0.415
0.404
0.538
0.560
0.587
0.581
0.415
0.410
0.461
0.580
0.446
0.547
0.656
0.529
0.620
0.617
0.622
0.588
0.560
0.562
0.582
0.567
0.314
0.531
0.531
0.580
0.449
0.589
0.566
0.618
0.682
0.439
0.592
0.598
0.513
0.646
0.548
0.643
0.602
0.570
0.613
0.592
0.488
0.596
0.615
0.612
0.616
0.462
0.595
0.572
0.567
0.595
0.571
0.583
0.413
0.342
0.518
0.619
0.621
0.562
0.580
0.551
0.610
0.544
0.555
0.584
0.554
0.372
0.343
0.480
0.592
0.611
0.583
0.461
0.550
0.578
0.386
0.529
0.400
0.578
0.613
0.600
0.578
0.564
0.608
0.582
0.500
0.579
0.570
0.560
0.555
0.585
0.559
0.562
0.399
0.608
0.563
0.544
0.601
0.258
0.444
0.594
0.585
0.583
0.609
0.595
0.506
0.492
0.531
0.595
0.589
0.570
0.572
0.587
0.641
0.471
0.593
0.566
0.580
0.606
0.527
0.569
0.552
0.549
0.624
0.645
0.489
0.550
0.569
0.579
0.414
0.507
0.508
0.553
0.582
0.531
0.553
0.425
0.585
0.363
0.513
0.576
0.515
0.442
0.536
0.532
0.513
0.548
0.554
0.581
0.493
0.577
0.544
0.594
0.551
0.583
0.482
0.591
0.580
0.592
0.364
0.283
0.545
0.570
0.584
0.596
0.553
0.600
0.585
0.409
0.512
0.566
0.452
0.524
0.606
0.597
0.404
0.463
0.456
0.587
0.448
0.559
0.557
0.484
0.597
0.614
0.568
0.506
0.485
0.643
0.361
0.514
0.378
0.524
0.575
0.306
0.595
0.591
0.598
0.591
0.401
0.598
0.594
0.583
0.648
0.440
0.579
0.575
0.478
0.523
0.456
0.528
0.594
0.599
0.535
0.573
0.563
0.492
0.418
0.592
0.558
0.542
0.556
0.602
0.615
0.612
0.477
0.579
0.482
0.351
0.477
0.502
0.366
0.577
0.578
0.587
0.606
0.580
0.613
0.600
0.521
0.486
0.524
0.588
0.591
0.600
0.558
0.590
0.558
0.619
0.593
0.547
0.589
0.527
0.580
0.453
0.514
0.561
0.564
0.614
0.302
0.505
0.596
0.488
0.639
0.441
0.614
0.454
0.535
0.594
0.503
0.362
0.547
0.499
0.301
0.311
0.466
0.579
0.580
0.581
0.581
0.587
0.552
0.592
0.568
0.601
0.529
0.574
0.576
0.515
0.546
0.466
0.439
0.533
0.425
0.404
0.536
0.615
0.593
0.567
0.300
0.327
0.538
0.491
0.522
0.556
0.576
0.485
0.296
0.297
0.492
0.572
0.566
0.438
0.331
0.495
0.574
0.598
0.576
0.565
0.426
0.528
0.601
0.590
0.530
0.620
0.301
0.442
0.353
0.611
0.446
0.603
0.574
0.330
0.412
0.634
0.619
0.553
0.672
0.674
0.511
0.546
0.616
0.454
0.567
0.609
0.537
0.355
0.477
0.586
0.560
0.556
0.573
0.467
0.615
0.566
0.542
0.616
0.578
0.556
0.594
0.606
0.516
0.558
0.611
0.579
0.570
0.560
0.574
0.510
0.560
0.607
0.592
0.509
0.472
0.529
0.602
0.606
0.600
0.580
0.594
0.626
0.583
0.548
0.456
0.560
0.585
0.578
0.571
0.576
0.362
0.555
0.591
0.563
0.548
0.662
0.610
0.604
0.481
0.592
0.568
0.475
0.600
0.423
0.454
0.582
0.550
0.609
0.522
0.574
0.499
0.566
0.607
0.588
0.498
0.376
0.538
0.479
0.307
0.457
0.363
0.489
0.470
0.380
0.561
0.570
0.474
0.484
0.586
0.554
0.518
0.576
0.521
0.418
0.502
0.581
0.526
0.447
0.231
0.606
0.442
0.391
0.615
0.504
0.580
0.620
0.592
0.552
0.612
0.597
0.572
0.572
0.565
0.547
0.514
0.397
0.275
0.322
0.325
0.306
0.330
0.314
0.482
0.511
0.478
0.385
0.306
0.317
0.284
0.305
0.325
0.489
0.515
0.429
0.562
0.483
0.551
0.483
0.429
0.341
0.420
0.322
0.419
0.405
0.457
0.456
0.422
0.532
0.565
0.539
0.354
0.474
0.462
0.568
0.549
0.392
0.434
0.572
0.501
0.555
0.566
0.584
0.564
0.462
0.553
0.479
0.476
0.451
0.479
0.500
0.514
0.410
0.464
0.408
0.526
0.272
0.502
0.553
0.458
0.546
0.439
0.403
0.582
0.338
0.512
0.422
0.512
0.502
0.436
0.523
0.598
0.491
0.529
0.526
0.552
0.571
0.537
0.527
0.537
0.578
0.502
0.522
0.392
0.339
0.502
0.465
0.426
0.410
0.507
0.339
0.263
0.401
0.530
0.452
0.553
0.489
0.434
0.494
0.500
0.549
0.418
0.584
0.526
0.595
0.564
0.574
0.512
0.515
0.454
0.245
0.520
0.380
0.538
0.541
0.559
0.513
0.436
0.481
0.312
0.396
0.564
0.612
0.466
0.372
0.553
0.446
0.520
0.509
0.505
0.422
0.470
0.392
0.402
0.445
0.462
0.530
0.457
0.276
0.300
0.580
0.464
0.583
0.411
0.453
0.345
0.503
0.479
0.464
0.463
0.615
0.571
0.555
0.462
0.578
0.501
0.351
0.325
0.535
0.423
0.444
0.437
0.512
0.507
0.466
0.490
0.525
0.438
0.445
0.375
0.493
0.488
0.516
0.453
0.432
0.556
0.538
0.384
0.603
0.534
0.500
0.519
0.471
0.495
0.404
0.530
0.386
0.439
0.511
0.442
0.559
0.527
0.494
0.549
0.490
0.463
0.568
0.568
0.590
0.377
0.538
0.525
0.468
0.458
0.605
0.538
0.541
0.574
0.575
0.574
0.494
0.545
0.541
0.585
0.559
0.540
0.405
0.347
0.462
0.398
0.497
0.521
0.448
0.266
0.568
0.484
0.437
0.517
0.454
0.294
0.463
0.553
0.555
0.477
0.620
0.530
0.455
0.543
0.473
0.430
0.334
0.359
0.654
0.543
0.322
0.494
0.583
0.452
0.421
0.515
0.501
0.482
0.569
0.567
0.518
0.493
0.529
0.400
0.334
0.398
0.495
0.558
0.573
0.591
0.316
0.516
0.566
0.405
0.414
0.486
0.458
0.467
0.512
0.553
0.421
0.573
0.442
0.306
0.521
0.443
0.360
0.539
0.410
0.584
0.422
0.331
0.331
0.401
0.471
0.434
0.316
0.391
0.510
0.366
0.562
0.348
0.475
0.586
0.544
0.385
0.428
0.473
0.540
0.331
0.593
0.538
0.560
0.506
0.351
0.607
0.454
0.561
0.458
0.566
0.475
0.387
0.498
0.515
0.531
0.503
0.397
0.470
0.560
0.442
0.521
0.474
0.546
0.516
0.553
0.414
0.471
0.412
0.569
0.467
0.522
0.572
0.389
0.395
0.493
0.496
0.398
0.513
0.512
0.480
0.489
0.495
0.437
0.408
0.351
0.623
0.381
0.493
0.486
0.464
0.415
0.554
0.491
0.489
0.457
0.420
0.547
0.500
0.576
0.575
0.395
0.583
0.496
0.277
0.445
0.324
0.537
0.402
0.568
0.512
0.420
0.500
0.575
0.577
0.488
0.507
0.514
0.563
0.468
0.412
0.538
0.463
0.471
0.548
0.363
0.314
0.530
0.483
0.454
0.388
0.549
0.476
0.423
0.380
0.459
0.532
0.519
0.563
0.625
0.507
0.483
0.419
0.321
0.469
0.592
0.540
0.375
0.508
0.602
0.554
0.506
0.389
0.525
0.487
0.438
0.410
0.403
0.416
0.511
0.584
0.404
0.458
0.580
0.543
0.371
0.489
0.443
0.415
0.528
0.480
0.396
0.543
0.341
0.543
0.630
0.568
0.596
0.561
0.436
0.454
0.578
0.365
0.419
0.568
0.436
0.443
0.493
0.522
0.482
0.368
0.467
0.459
0.370
0.500
0.561
0.437
0.461
0.598
0.382
0.557
0.496
0.492
0.394
0.429
0.371
0.466
0.560
0.466
0.573
0.348
0.490
0.546
0.347
0.512
0.628
0.586
0.465
0.270
0.552
0.599
0.550
0.461
0.505
0.290
0.395
0.539
0.421
0.381
0.427
0.480
0.483
0.580
0.465
0.513
0.396
0.484
0.567
0.453
0.471
0.483
0.374
0.588
0.384
0.384
0.553
0.578
0.478
0.504
0.351
0.543
0.370
0.354
0.617
0.436
0.504
0.453
0.408
0.470
0.455
0.515
0.570
0.391
0.385
0.547
0.351
0.452
0.401
0.356
0.485
0.537
0.561
0.485
0.342
0.298
0.316
0.543
0.602
0.325
0.544
0.549
0.396
0.510
0.481
0.395
0.479
0.591
0.582
0.552
0.509
0.555
0.562
0.510
0.443
0.572
0.529
0.499
0.476
0.361
0.445
0.423
0.467
0.439
0.575
0.574
0.447
0.504
0.326
0.563
0.433
0.554
0.603
0.547
0.620
0.431
0.542
0.525
0.472
0.588
0.509
0.541
0.556
0.553
0.574
0.594
0.584
0.550
0.556
0.563
0.542
0.373
0.513
0.550
0.498
0.367
0.431
0.589
0.553
0.524
0.417
0.489
0.576
0.585
0.582
0.542
0.570
0.604
0.519
0.537
0.428
0.339
0.347
0.615
0.476
0.493
0.360
0.600
0.621
0.548
0.446
0.548
0.548
0.364
0.452
0.486
0.415
0.435
0.320
0.481
0.544
0.491
0.375
0.572
0.554
0.357
0.355
0.543
0.512
0.564
0.578
0.583
0.503
0.424
0.528
0.601
0.527
0.541
0.559
0.498
0.480
0.551
0.561
0.505
0.495
0.551
0.383
0.383
0.462
0.428
0.484
0.253
0.330
0.572
0.621
0.247
0.468
0.524
0.554
0.446
0.358
0.359
0.552
0.555
0.528
0.498
0.332
0.554
0.576
0.533
0.336
0.415
0.534
0.522
0.542
0.569
0.412
0.497
0.574
0.583
0.579
0.328
0.455
0.518
0.533
0.552
0.442
0.533
0.448
0.327
0.394
0.562
0.581
0.630
0.554
0.473
0.566
0.547
0.385
0.236
0.318
0.349
0.565
0.580
0.588
0.556
0.452
0.621
0.553
0.602
0.560
0.583
0.557
0.415
0.377
0.374
0.474
0.530
0.595
0.607
0.608
0.544
0.562
0.580
0.521
0.395
0.566
0.563
0.586
0.576
0.504
0.434
0.559
0.440
0.478
0.451
0.412
0.470
0.502
0.407
0.557
0.560
0.380
0.448
0.462
0.499
0.428
0.528
0.330
0.553
0.480
0.358
0.550
0.541
0.506
0.581
0.573
0.414
0.333
0.458
0.346
0.573
0.562
0.409
0.590
0.600
0.536
0.493
0.390
0.551
0.579
0.605
0.598
0.561
0.570
0.597
0.358
0.415
0.497
0.558
0.492
0.482
0.509
0.343
0.518
0.562
0.547
0.597
0.563
0.525
0.508
0.381
0.526
0.359
0.496
0.442
0.364
0.508
0.589
0.339
0.533
0.494
0.578
0.492
0.525
0.498
0.572
0.567
0.564
0.585
0.279
0.465
0.607
0.581
0.605
0.581
0.575
0.459
0.549
0.598
0.487
0.592
0.593
0.537
0.557
0.620
0.611
0.583
0.539
0.354
0.493
0.455
0.551
0.497
0.467
0.379
0.558
0.551
0.562
0.576
0.602
0.589
0.613
0.493
0.375
0.549
0.356
0.524
0.553
0.421
0.553
0.585
0.425
0.592
0.573
0.534
0.373
0.515
0.499
0.412
0.383
0.581
0.547
0.393
0.473
0.500
0.493
0.492
0.317
0.479
0.392
0.572
0.387
0.298
0.394
0.507
0.602
0.517
0.291
0.583
0.580
0.570
0.589
0.569
0.348
0.491
0.557
0.522
0.527
0.496
0.464
0.485
0.427
0.362
0.342
0.420
0.490
0.289
0.329
0.353
0.346
0.482
0.407
0.392
0.422
0.463
0.392
0.446
0.471
0.527
0.556
0.571
0.568
0.535
0.388
0.430
0.512
0.492
0.468
0.461
0.524
0.511
0.482
0.411
0.574
0.604
0.547
0.542
0.392
0.631
0.498
0.546
0.573
0.476
0.485
0.463
0.429
0.381
0.531
0.472
0.383
0.459
0.484
0.420
0.383
0.561
0.570
0.456
0.396
0.451
0.561
0.495
0.486
0.369
0.444
0.554
0.535
0.561
0.382
0.535
0.568
0.564
0.591
0.574
0.505
0.346
0.590
0.559
0.469
0.562
0.551
0.566
0.371
0.429
0.421
0.530
0.512
0.503
0.536
0.418
0.540
0.508
0.304
0.571
0.548
0.518
0.389
0.358
0.504
0.443
0.373
0.445
0.364
0.439
0.447
0.546
0.501
0.447
0.401
0.424
0.505
0.541
0.538
0.475
0.475
0.569
0.415
0.464
0.454
0.366
0.436
0.424
0.576
0.563
0.586
0.516
0.541
0.542
0.480
0.454
0.526
0.496
0.531
0.556
0.559
0.435
0.479
0.584
0.557
0.408
0.334
0.469
0.482
0.540
0.572
0.592
0.456
0.467
0.418
0.461
0.575
0.616
0.592
0.299
0.534
0.573
0.594
0.536
0.591
0.579
0.625
0.639
0.487
0.366
0.496
0.592
0.491
0.547
0.548
0.553
0.472
0.618
0.610
0.462
0.538
0.446
0.419
0.478
0.477
0.386
0.432
0.413
0.503
0.423
0.351
0.431
0.548
0.585
0.554
0.596
0.602
0.631
0.558
0.564
0.557
0.465
0.405
0.470
0.527
0.535
0.345
0.421
0.540
0.569
0.511
0.439
0.497
0.360
0.521
0.373
0.528
0.573
0.545
0.347
0.570
0.299
0.559
0.536
0.577
0.488
0.391
0.583
0.600
0.439
0.573
0.462
0.542
0.393
0.554
0.423
0.559
0.447
0.355
0.405
0.443
0.550
0.558
0.503
0.547
0.365
0.546
0.469
0.485
0.360
0.455
0.592
0.570
0.577
0.456
0.420
0.448
0.598
0.595
0.527
0.504
0.577
0.313
0.513
0.544
0.401
0.444
0.502
0.352
0.408
0.452
0.529
0.592
0.565
0.468
0.466
0.486
0.430
0.454
0.560
0.589
0.564
0.421
0.483
0.478
0.547
0.380
0.608
0.572
0.499
0.464
0.531
0.589
0.524
0.560
0.599
0.585
0.571
0.585
0.513
0.567
0.588
0.575
0.508
0.438
0.605
0.616
0.600
0.574
0.590
0.596
0.437
0.484
0.597
0.459
0.343
0.559
0.353
0.544
0.585
0.558
0.538
0.554
0.542
0.585
0.552
0.529
0.570
0.582
0.464
0.542
0.590
0.530
0.462
0.525
0.447
0.349
0.564
0.512
0.461
0.501
0.365
0.551
0.536
0.401
0.461
0.603
0.544
0.550
0.579
0.560
0.469
0.577
0.594
0.558
0.453
0.605
0.414
0.366
0.585
0.571
0.535
0.541
0.545
0.579
0.468
0.498
0.601
0.490
0.566
0.587
0.542
0.476
0.329
0.477
0.520
0.491
0.597
0.434
0.510
0.450
0.389
0.528
0.360
0.483
0.374
0.327
0.544
0.387
0.540
0.415
0.520
0.448
0.334
0.456
0.541
0.379
0.547
0.594
0.596
0.482
0.387
0.416
0.454
0.561
0.484
0.504
0.473
0.427
0.469
0.384
0.363
0.576
0.571
0.477
0.557
0.588
0.480
0.464
0.448
0.445
0.427
0.332
0.595
0.616
0.423
0.471
0.460
0.406
0.456
0.555
0.356
0.386
0.440
0.466
0.598
0.238
0.550
0.546
0.574
0.467
0.461
0.429
0.437
0.552
0.392
0.520
0.519
0.471
0.348
0.553
0.393
0.352
0.501
0.355
0.380
0.440
0.509
0.480
0.565
0.579
0.590
0.568
0.557
0.441
0.442
0.586
0.633
0.599
0.592
0.506
0.451
0.550
0.498
0.578
0.366
0.346
0.542
0.452
0.347
0.366
0.430
0.568
0.491
0.480
0.421
0.475
0.544
0.457
0.488
0.385
0.397
0.407
0.403
0.465
0.562
0.444
0.502
0.558
0.305
0.490
0.592
0.578
0.570
0.458
0.309
0.365
0.458
0.391
0.463
0.593
0.586
0.583
0.584
0.580
0.435
0.495
0.488
0.363
0.506
0.573
0.514
0.526
0.400
0.467
0.535
0.410
0.521
0.412
0.533
0.498
0.521
0.271
0.523
0.445
0.411
0.535
0.576
0.570
0.535
0.539
0.567
0.462
0.618
0.600
0.524
0.574
0.589
0.567
0.583
0.578
0.487
0.526
0.599
0.590
0.603
0.614
0.296
0.583
0.617
0.565
0.564
0.596
0.538
0.465
0.565
0.496
0.503
0.597
0.596
0.565
0.595
0.595
0.480
0.565
0.451
0.311
0.511
0.607
0.546
0.588
0.441
0.497
0.296
0.567
0.477
0.595
0.584
0.596
0.580
0.537
0.478
0.466
0.450
0.374
0.285
0.561
0.583
0.534
0.604
0.431
0.454
0.301
0.495
0.460
0.502
0.440
0.428
0.336
0.401
0.443
0.290
0.488
0.566
0.357
0.515
0.345
0.550
0.521
0.264
0.513
0.507
0.494
0.310
0.434
0.437
0.430
0.544
0.435
0.502
0.536
0.321
0.509
0.590
0.534
0.410
0.613
0.599
0.593
0.547
0.504
0.597
0.588
0.465
0.496
0.571
0.429
0.362
0.547
0.405
0.589
0.566
0.561
0.530
0.622
0.571
0.586
0.600
0.557
0.579
0.595
0.360
0.538
0.585
0.618
0.465
0.535
0.575
0.473
0.585
0.614
0.584
0.584
0.591
0.551
0.513
0.492
0.539
0.554
0.576
0.589
0.594
0.395
0.564
0.565
0.586
0.340
0.417
0.588
0.592
0.531
0.603
0.532
0.347
0.429
0.569
0.592
0.474
0.559
0.580
0.410
0.555
0.578
0.526
0.599
0.594
0.583
0.281
0.463
0.489
0.531
0.368
0.471
0.610
0.553
0.472
0.522
0.542
0.590
0.472
0.603
0.591
0.589
0.513
0.254
0.552
0.386
0.379
0.638
0.613
0.613
0.395
0.556
0.556
0.582
0.453
0.259
0.548
0.597
0.522
0.445
0.560
0.404
0.579
0.565
0.590
0.556
0.641
0.595
0.572
0.592
0.624
0.509
0.303
0.597
0.411
0.528
0.577
0.489
0.550
0.587
0.627
0.542
0.618
0.577
0.590
0.630
0.554
0.554
0.250
0.549
0.517
0.596
0.535
0.535
0.565
0.618
0.578
0.536
0.583
0.532
0.571
0.589
0.612
0.468
0.576
0.538
0.548
0.380
0.576
0.492
0.526
0.453
0.441
0.537
0.321
0.532
0.579
0.572
0.568
0.585
0.575
0.523
0.544
0.532
0.568
0.404
0.586
0.607
0.573
0.581
0.471
0.631
0.610
0.578
0.427
0.404
0.559
0.333
0.555
0.571
0.562
0.578
0.344
0.457
0.563
0.421
0.579
0.495
0.570
0.545
0.556
0.612
0.573
0.561
0.564
0.643
0.576
0.544
0.554
0.577
0.596
0.598
0.578
0.557
0.527
0.604
0.561
0.531
0.508
0.543
0.553
0.333
0.316
0.587
0.584
0.534
0.563
0.310
0.531
0.560
0.597
0.558
0.502
0.609
0.424
0.306
0.399
0.597
0.568
0.423
0.567
0.552
0.584
0.591
0.422
0.394
0.414
0.459
0.464
0.583
0.335
0.519
0.572
0.496
0.473
0.329
0.477
0.578
0.475
0.460
0.260
0.547
0.362
0.288
0.495
0.540
0.469
0.540
0.465
0.454
0.540
0.437
0.547
0.536
0.571
0.525
0.566
0.451
0.449
0.524
0.371
0.386
0.467
0.573
0.347
0.493
0.584
0.503
0.561
0.578
0.575
0.565
0.576
0.307
0.598
0.493
0.510
0.580
0.571
0.310
0.565
0.607
0.523
0.540
0.589
0.609
0.592
0.593
0.421
0.279
0.539
0.596
0.573
0.592
0.580
0.549
0.364
0.584
0.565
0.596
0.594
0.390
0.588
0.464
0.611
0.536
0.569
0.581
0.596
0.562
0.596
0.582
0.481
0.568
0.573
0.575
0.570
0.600
0.436
0.574
0.234
0.296
0.511
0.435
0.408
0.593
0.494
0.544
0.598
0.596
0.560
0.523
0.578
0.555
0.513
0.440
0.605
0.313
0.574
0.602
0.271
0.457
0.608
0.546
0.534
0.507
0.491
0.277
0.485
0.612
0.496
0.583
0.608
0.606
0.527
0.346
0.453
0.594
0.598
0.516
0.503
0.563
0.575
0.461
0.347
0.579
0.610
0.611
0.592
0.545
0.618
0.420
0.451
0.552
0.267
0.280
0.530
0.528
0.302
0.304
0.556
0.572
0.584
0.596
0.452
0.595
0.588
