0.391
0.320
0.259
0.306
0.220
0.253
0.181
0.247
0.305
0.303
0.294
0.239
0.264
0.268
0.296
0.356
0.241
0.353
0.290
0.255
0.262
0.261
0.333
0.242
0.327
0.257
0.256
0.248
0.277
0.265
0.425
0.298
0.256
0.331
0.318
0.312
0.284
0.241
0.286
0.423
0.350
0.217
0.276
0.313
0.239
0.303
0.271
0.256
0.254
0.268
0.249
0.211
0.334
0.219
0.373
0.378
0.374
0.354
0.271
0.278
0.269
0.197
0.270
0.249
0.212
0.211
0.237
0.314
0.438
0.215
0.240
0.254
0.244
0.394
0.305
0.248
0.233
0.287
0.306
0.299
0.224
0.299
0.173
0.324
0.277
0.230
0.265
0.241
0.244
0.194
0.268
0.256
0.246
0.250
0.331
0.298
0.334
0.248
0.342
0.298
0.274
0.277
0.295
0.366
0.240
0.313
0.216
0.316
0.291
0.256
0.248
0.373
0.319
0.325
0.243
0.232
0.338
0.347
0.267
0.246
0.463
0.311
0.380
0.255
0.267
0.333
0.281
0.338
0.272
0.253
0.392
0.372
0.277
0.239
0.352
0.376
0.403
0.274
0.265
0.378
0.246
0.251
0.312
0.239
0.312
0.195
0.256
0.252
0.221
0.367
0.302
0.268
0.253
0.248
0.231
0.322
0.277
0.249
0.265
0.400
0.261
0.315
0.380
0.227
0.216
0.250
0.237
0.250
0.249
0.274
0.259
0.236
0.318
0.252
0.279
0.230
0.242
0.300
0.335
0.291
0.251
0.320
0.248
0.244
0.247
0.252
0.333
0.247
0.304
0.297
0.296
0.166
0.182
0.229
0.243
0.200
0.319
0.297
0.258
0.313
0.323
0.276
0.237
0.317
0.244
0.262
0.217
0.237
0.386
0.264
0.245
0.236
0.260
0.352
0.279
0.286
0.275
0.348
0.289
0.286
0.275
0.380
0.284
0.258
0.305
0.424
0.253
0.245
0.280
0.257
0.258
0.256
0.230
0.252
0.275
0.228
0.308
0.262
0.237
0.250
0.341
0.219
0.333
0.290
0.161
0.265
0.286
0.320
0.296
0.252
0.330
0.283
0.229
0.225
0.268
0.247
0.322
0.235
0.257
0.232
0.278
0.238
0.315
0.256
0.359
0.246
0.264
0.247
0.259
0.428
0.301
0.248
0.260
0.253
0.338
0.290
0.271
0.299
0.263
0.307
0.240
0.244
0.339
0.369
0.338
0.287
0.242
0.283
0.296
0.315
0.273
0.271
0.279
0.304
0.392
0.215
0.285
0.242
0.317
0.308
0.307
0.334
0.241
0.300
0.434
0.255
0.272
0.248
0.241
0.308
0.387
0.271
0.237
0.344
0.242
0.308
0.396
0.408
0.196
0.273
0.281
0.360
0.296
0.304
0.247
0.303
0.303
0.399
0.355
0.315
0.326
0.282
0.173
0.228
0.248
0.252
0.315
0.243
0.309
0.298
0.334
0.184
0.217
0.291
0.251
0.318
0.254
0.526
0.284
0.347
0.304
0.396
0.280
0.260
0.295
0.306
0.380
0.261
0.359
0.287
0.368
0.284
0.376
0.295
0.546
0.371
0.258
0.250
0.299
0.288
0.305
0.316
0.394
0.354
0.319
0.233
0.287
0.293
0.272
0.358
0.326
0.233
0.319
0.231
0.252
0.176
0.252
0.294
0.260
0.273
0.311
0.242
0.290
0.233
0.351
0.230
0.335
0.253
0.263
0.332
0.286
0.385
0.331
0.328
0.311
0.224
0.276
0.389
0.328
0.288
0.260
0.256
0.267
0.202
0.436
0.396
0.368
0.228
0.296
0.255
0.265
0.353
0.229
0.243
0.325
0.264
0.306
0.324
0.287
0.380
0.271
0.288
0.286
0.254
0.239
0.231
0.211
0.244
0.350
0.256
0.378
0.260
0.359
0.262
0.324
0.313
0.284
0.229
0.194
0.233
0.328
0.385
0.235
0.372
0.321
0.407
0.242
0.239
0.259
0.216
0.265
0.258
0.224
0.248
0.255
0.253
0.236
0.362
0.243
0.226
0.261
0.302
0.326
0.343
0.327
0.268
0.343
0.331
0.294
0.306
0.314
0.390
0.457
0.371
0.338
0.409
0.434
0.250
0.244
0.251
0.257
0.267
0.260
0.263
0.245
0.224
0.316
0.383
0.284
0.284
0.272
0.217
0.244
0.267
0.328
0.316
0.476
0.446
0.236
0.221
0.331
0.221
0.287
0.351
0.542
0.305
0.394
0.286
0.274
0.280
0.276
0.299
0.260
0.232
0.269
0.280
0.227
0.363
0.339
0.356
0.286
0.350
0.291
0.436
0.274
0.245
0.276
0.360
0.356
0.373
0.303
0.239
0.356
0.321
0.279
0.258
0.486
0.166
0.271
0.259
0.226
0.269
0.264
0.284
0.282
0.242
0.182
0.269
0.363
0.281
0.248
0.303
0.392
0.490
0.250
0.203
0.413
0.370
0.460
0.260
0.416
0.257
0.283
0.280
0.240
0.249
0.246
0.263
0.315
0.197
0.254
0.331
0.281
0.257
0.233
0.267
0.250
0.242
0.266
0.223
0.252
0.257
0.237
0.242
0.270
0.323
0.252
0.252
0.253
0.276
0.254
0.213
0.187
0.199
0.258
0.260
0.255
0.321
0.260
0.256
0.273
0.258
0.247
0.229
0.333
0.245
0.257
0.248
0.309
0.199
0.394
0.238
0.334
0.310
0.302
0.247
0.251
0.263
0.249
0.204
0.290
0.262
0.248
0.299
0.283
0.256
0.253
0.263
0.266
0.253
0.250
0.225
0.283
0.246
0.188
0.262
0.271
0.272
0.387
0.248
0.300
0.306
0.259
0.338
0.244
0.256
0.215
0.296
0.335
0.216
0.283
0.261
0.240
0.252
0.395
0.262
0.254
0.260
0.380
0.257
0.248
0.224
0.327
0.247
0.242
0.346
0.303
0.244
0.261
0.217
0.192
0.356
0.251
0.191
0.266
0.188
0.226
0.246
0.213
0.356
0.256
0.221
0.253
0.263
0.290
0.248
0.244
0.254
0.340
0.261
0.311
0.247
0.249
0.245
0.239
0.228
0.260
0.242
0.348
0.261
0.255
0.225
0.221
0.248
0.366
0.322
0.242
0.226
0.236
0.240
0.270
0.239
0.340
0.269
0.255
0.268
0.330
0.281
0.296
0.267
0.292
0.246
0.345
0.373
0.253
0.256
0.238
0.250
0.257
0.235
0.237
0.222
0.243
0.253
0.284
0.320
0.243
0.298
0.234
0.298
0.273
0.354
0.244
0.248
0.239
0.237
0.237
0.211
0.384
0.431
0.287
0.259
0.226
0.262
0.244
0.196
0.239
0.274
0.268
0.273
0.269
0.248
0.263
0.244
0.207
0.234
0.236
0.270
0.294
0.281
0.348
0.255
0.242
0.384
0.451
0.282
0.373
0.257
0.294
0.274
0.282
0.273
0.249
0.238
0.254
0.262
0.332
0.308
0.290
0.272
0.217
0.283
0.273
0.257
0.342
0.255
0.272
0.272
0.418
0.471
0.230
0.313
0.216
0.243
0.223
0.257
0.297
0.246
0.246
0.284
0.211
0.437
0.390
0.244
0.244
0.306
0.251
0.283
0.251
0.243
0.346
0.229
0.290
0.264
0.321
0.254
0.262
0.248
0.213
0.313
0.306
0.382
0.302
0.374
0.382
0.274
0.251
0.216
0.279
0.279
0.320
0.233
0.324
0.296
0.314
0.300
0.303
0.312
0.276
0.178
0.286
0.242
0.283
0.282
0.280
0.240
0.315
0.258
0.363
0.297
0.263
0.333
0.330
0.242
0.249
0.277
0.312
0.346
0.250
0.283
0.264
0.394
0.355
0.208
0.293
0.316
0.314
0.244
0.286
0.303
0.238
0.306
0.293
0.326
0.207
0.333
0.239
0.355
0.290
0.402
0.353
0.251
0.272
0.208
0.274
0.256
0.260
0.265
0.285
0.343
0.299
0.238
0.252
0.249
0.255
0.338
0.329
0.341
0.241
0.316
0.427
0.341
0.253
0.270
0.331
0.289
0.375
0.248
0.289
0.244
0.361
0.286
0.268
0.174
0.391
0.244
0.241
0.223
0.251
0.281
0.283
0.372
0.353
0.287
0.564
0.488
0.331
0.328
0.280
0.338
0.248
0.353
0.448
0.305
0.376
0.265
0.283
0.270
0.193
0.352
0.188
0.251
0.247
0.320
0.251
0.273
0.258
0.262
0.277
0.249
0.245
0.318
0.255
0.391
0.198
0.274
0.207
0.236
0.265
0.399
0.314
0.448
0.492
0.306
0.312
0.297
0.263
0.265
0.274
0.341
0.448
0.260
0.245
0.247
0.366
0.403
0.288
0.317
0.382
0.349
0.269
0.385
0.412
0.338
0.391
0.239
0.329
0.411
0.383
0.370
0.418
0.272
0.389
0.388
0.245
0.287
0.273
0.313
0.261
0.250
0.254
0.305
0.343
0.306
0.356
0.254
0.316
0.311
0.275
0.314
0.314
0.189
0.333
0.239
0.324
0.294
0.436
0.311
0.242
0.247
0.281
0.244
0.262
0.395
0.195
0.247
0.267
0.368
0.328
0.302
0.230
0.278
0.314
0.253
0.263
0.340
0.281
0.256
0.258
0.255
0.264
0.281
0.261
0.253
0.244
0.252
0.267
0.271
0.298
0.221
0.271
0.411
0.266
0.314
0.263
0.253
0.243
0.300
0.224
0.352
0.344
0.361
0.243
0.264
0.243
0.330
0.286
0.283
0.236
0.339
0.233
0.255
0.248
0.201
0.300
0.273
0.303
0.262
0.240
0.258
0.280
0.264
0.270
0.276
0.278
0.239
0.280
0.258
0.259
0.241
0.225
0.305
0.336
0.259
0.284
0.275
0.253
0.357
0.245
0.315
0.285
0.393
0.272
0.363
0.264
0.254
0.328
0.328
0.283
0.458
0.317
0.316
0.304
0.225
0.295
0.282
0.281
0.302
0.230
0.245
0.252
0.241
0.285
0.254
0.224
0.311
0.300
0.288
0.276
0.356
0.313
0.279
0.276
0.484
0.498
0.284
0.258
0.382
0.260
0.324
0.427
0.343
0.221
0.318
0.261
0.251
0.255
0.237
0.253
0.233
0.342
0.194
0.347
0.270
0.271
0.275
0.183
0.240
0.256
0.238
0.246
0.349
0.320
0.336
0.244
0.318
0.367
0.302
0.358
0.323
0.310
0.297
0.338
0.421
0.246
0.252
0.255
0.280
0.224
0.249
0.278
0.257
0.253
0.250
0.251
0.272
0.297
0.252
0.203
0.385
0.300
0.239
0.313
0.242
0.356
0.259
0.261
0.273
0.266
0.276
0.382
0.258
0.260
0.293
0.313
0.327
0.272
0.243
0.285
0.266
0.343
0.324
0.290
0.264
0.275
0.266
0.225
0.238
0.233
0.305
0.310
0.316
0.281
0.248
0.229
0.339
0.467
0.287
0.241
0.353
0.282
0.310
0.396
0.245
0.321
0.279
0.261
0.301
0.203
0.246
0.257
0.254
0.238
0.253
0.261
0.307
0.197
0.280
0.272
0.295
0.250
0.266
0.248
0.297
0.312
0.247
0.313
0.293
0.252
0.343
0.259
0.265
0.302
0.347
0.340
0.376
0.292
0.245
0.254
0.295
0.281
0.259
0.306
0.245
0.279
0.254
0.208
0.278
0.258
0.269
0.258
0.267
0.295
0.346
0.190
0.253
0.243
0.246
0.241
0.344
0.249
0.248
0.286
0.351
0.229
0.265
0.262
0.247
0.259
0.277
0.340
0.233
0.254
0.367
0.282
0.349
0.303
0.245
0.306
0.299
0.255
0.271
0.246
0.265
0.284
0.312
0.256
0.295
0.226
0.242
0.249
0.308
0.279
0.402
0.323
0.321
0.234
0.253
0.359
0.230
0.321
0.292
0.366
0.273
0.316
0.298
0.250
0.361
0.293
0.404
0.260
0.302
0.275
0.399
0.323
0.213
0.249
0.363
0.247
0.216
0.381
0.260
0.272
0.296
0.263
0.249
0.244
0.246
0.238
0.336
0.178
0.336
0.239
0.233
0.314
0.249
0.262
0.206
0.386
0.306
0.278
0.475
0.278
0.252
0.415
0.310
0.265
0.254
0.245
0.402
0.403
0.276
0.225
0.373
0.297
0.309
0.238
0.338
0.278
0.346
0.331
0.267
0.352
0.305
0.249
0.226
0.277
0.284
0.255
0.238
0.260
0.250
0.215
0.271
0.274
0.343
0.265
0.263
0.236
0.259
0.257
0.264
0.245
0.321
0.244
0.251
0.382
0.209
0.353
0.287
0.367
0.256
0.190
0.228
0.258
0.378
0.340
0.263
0.263
0.251
0.360
0.460
0.428
0.445
0.310
0.248
0.256
0.306
0.245
0.382
0.285
0.246
0.187
0.247
0.241
0.449
0.179
0.315
0.281
0.309
0.265
0.340
0.300
0.254
0.308
0.259
0.248
0.324
0.278
0.305
0.216
0.250
0.314
0.424
0.412
0.372
0.242
0.263
0.229
0.252
0.432
0.282
0.306
0.283
0.311
0.250
0.247
0.252
0.304
0.223
0.233
0.432
0.262
0.238
0.258
0.254
0.292
0.210
0.260
0.269
0.299
0.402
0.298
0.292
0.281
0.352
0.256
0.254
0.238
0.249
0.246
0.270
0.331
0.296
0.230
0.291
0.309
0.221
0.286
0.306
0.297
0.259
0.258
0.233
0.330
0.262
0.277
0.262
0.258
0.294
0.245
0.264
0.293
0.277
0.280
0.248
0.223
0.242
0.253
0.278
0.252
0.259
0.372
0.256
0.353
0.257
0.314
0.238
0.242
0.277
0.259
0.340
0.263
0.229
0.289
0.270
0.292
0.259
0.266
0.249
0.240
0.255
0.326
0.253
0.287
0.290
0.271
0.330
0.254
0.279
0.311
0.279
0.247
0.252
0.371
0.339
0.356
0.252
0.256
0.363
0.229
0.316
0.235
0.277
0.277
0.292
0.201
0.236
0.247
0.252
0.251
0.257
0.342
0.237
0.289
0.195
0.227
0.278
0.434
0.300
0.343
0.277
0.315
0.221
0.331
0.250
0.270
0.320
0.325
0.293
0.264
0.328
0.261
0.260
0.320
0.305
0.368
0.265
0.239
0.202
0.278
0.288
0.308
0.318
0.278
0.300
0.230
0.225
0.255
0.248
0.244
0.256
0.222
0.284
0.248
0.249
0.224
0.264
0.236
0.248
0.259
0.281
0.278
0.181
0.255
0.256
0.257
0.324
0.344
0.239
0.467
0.317
0.213
0.233
0.233
0.259
0.162
0.299
0.245
0.304
0.286
0.306
0.250
0.269
0.285
0.213
0.366
0.264
0.383
0.236
0.431
0.303
0.331
0.430
0.307
0.315
0.248
0.276
0.251
0.432
0.320
0.287
0.254
0.392
0.284
0.432
0.282
0.288
0.251
0.276
0.257
0.280
0.247
0.241
0.348
0.264
0.246
0.266
0.336
0.190
0.253
0.257
0.275
0.301
0.249
0.258
0.268
0.292
0.275
0.409
0.292
0.252
0.273
0.243
0.259
0.240
0.225
0.259
0.300
0.250
0.296
0.251
0.185
0.257
0.408
0.290
0.254
0.252
0.252
0.342
0.236
0.273
0.257
0.334
0.150
0.229
0.346
0.315
0.330
0.453
0.269
0.271
0.326
0.356
0.317
0.227
0.209
0.260
0.262
0.303
0.366
0.343
0.253
0.255
0.255
0.302
0.271
0.213
0.254
0.251
0.310
0.282
0.321
0.413
0.364
0.269
0.211
0.285
0.241
0.245
0.207
0.242
0.239
0.284
0.249
0.253
0.303
0.219
0.356
0.235
0.271
0.249
0.200
0.266
0.242
0.263
0.380
0.322
0.287
0.353
0.408
0.376
0.308
0.243
0.240
0.239
0.248
0.326
0.199
0.316
0.328
0.247
0.242
0.241
0.275
0.200
0.175
0.344
0.369
0.247
0.248
0.261
0.366
0.328
0.390
0.355
0.266
0.311
0.275
0.248
0.219
0.237
0.253
0.384
0.513
0.338
0.311
0.306
0.320
0.293
0.242
0.295
0.232
0.249
0.243
0.268
0.242
0.259
0.268
0.258
0.248
0.200
0.215
0.472
0.304
0.330
0.325
0.429
0.352
0.327
0.256
0.203
0.285
0.265
0.280
0.320
0.282
0.182
0.248
0.260
0.244
0.372
0.239
0.327
0.264
0.253
0.253
0.314
0.266
0.246
0.242
0.322
0.267
0.260
0.256
0.212
0.303
0.273
0.350
0.261
0.238
0.248
0.255
0.237
0.248
0.257
0.279
0.255
0.233
0.306
0.285
0.254
0.299
0.263
0.237
0.253
0.217
0.248
0.241
0.253
0.273
0.261
0.355
0.321
0.338
0.277
0.343
0.250
0.253
0.321
0.394
0.233
0.266
0.165
0.273
0.253
0.424
0.256
0.239
0.293
0.242
0.411
0.278
0.360
0.352
0.215
0.254
0.255
0.235
0.289
0.261
0.255
0.229
0.287
0.218
0.342
0.258
0.218
0.237
0.319
0.244
0.251
0.262
0.258
0.334
0.307
0.230
0.237
0.299
0.248
0.242
0.306
0.316
0.312
0.246
0.251
0.246
0.241
0.272
0.276
0.191
0.256
0.251
0.234
0.255
0.261
0.274
0.249
0.250
0.263
0.245
0.251
0.266
0.182
0.305
0.292
0.372
0.250
0.280
0.283
0.254
0.260
0.259
0.300
0.239
0.251
0.255
0.240
0.252
0.268
0.241
0.263
0.271
0.204
0.290
0.248
0.253
0.246
0.270
0.391
0.241
0.250
0.317
0.237
0.249
0.242
0.329
0.248
0.245
0.229
0.249
0.238
0.291
0.262
0.357
0.412
0.307
0.245
0.239
0.243
0.236
0.167
0.286
0.254
0.238
0.301
0.249
0.287
0.235
0.357
0.288
0.241
0.208
0.261
0.373
0.224
0.257
0.263
0.241
0.252
0.252
0.353
0.186
0.284
0.235
0.247
0.249
0.307
0.250
0.354
0.336
0.343
0.283
0.254
0.264
0.189
0.251
0.283
0.261
0.240
0.324
0.295
0.301
0.279
0.247
0.238
0.351
0.366
0.261
0.262
0.267
0.247
0.237
0.227
0.235
0.250
0.242
0.251
0.251
0.291
0.246
0.277
0.292
0.290
0.268
0.220
0.297
0.258
0.285
0.239
0.203
0.262
0.253
0.249
0.236
0.309
0.264
0.271
0.250
0.211
0.277
0.247
0.361
0.243
0.310
0.410
0.333
0.290
0.361
0.369
0.327
0.403
0.505
0.297
0.415
0.393
0.525
0.306
0.398
0.280
0.338
0.339
0.262
0.262
0.233
0.331
0.273
0.246
0.235
0.404
0.271
0.238
0.201
0.300
0.276
0.288
0.295
0.396
0.269
0.240
0.247
0.231
0.220
0.268
0.293
0.261
0.247
0.387
0.290
0.237
0.216
0.241
0.269
0.377
0.319
0.259
0.293
0.246
0.253
0.248
0.296
0.321
0.214
0.335
0.259
0.305
0.227
0.304
0.243
0.262
0.326
0.333
0.306
0.253
0.277
0.245
0.243
0.213
0.245
0.304
0.261
0.331
0.321
0.271
0.277
0.170
0.227
0.280
0.301
0.256
0.237
0.312
0.235
0.250
0.272
0.287
0.309
0.285
0.283
0.303
0.342
0.243
0.252
0.262
0.303
0.258
0.290
0.270
0.239
0.248
0.349
0.282
0.331
0.272
0.335
0.237
0.294
0.211
0.334
0.286
0.331
0.339
0.223
0.286
0.320
0.307
0.255
0.333
0.384
0.326
0.354
0.275
0.279
0.293
0.284
0.233
0.247
0.182
0.256
0.264
0.269
0.241
0.263
0.240
0.281
0.325
0.253
0.324
0.249
0.265
0.218
0.268
0.335
0.287
0.252
0.231
0.238
0.276
0.272
0.265
0.256
0.271
0.279
0.232
0.324
0.256
0.246
0.396
0.249
0.232
0.260
0.180
0.248
0.261
0.248
0.284
0.332
0.242
0.236
0.330
0.294
0.380
0.287
0.253
0.294
0.307
0.240
0.300
0.223
0.276
0.212
0.298
0.233
0.288
0.260
0.207
0.256
0.305
0.244
0.298
0.277
0.283
0.250
0.253
0.237
0.279
0.286
0.246
0.267
0.349
0.269
0.314
0.392
0.339
0.427
0.523
0.300
0.253
0.264
0.282
0.240
0.241
0.265
0.286
0.291
0.253
0.452
0.225
0.266
0.275
0.249
0.360
0.285
0.238
0.207
0.302
0.264
0.292
0.169
0.269
0.289
0.256
0.253
0.264
0.234
0.259
0.298
0.302
0.292
0.328
0.383
0.262
0.226
0.252
0.383
0.259
0.318
0.292
0.231
0.271
0.340
0.274
0.269
0.335
0.330
0.266
0.314
0.281
0.240
0.241
0.248
0.247
0.247
0.297
0.338
0.247
0.252
0.302
0.259
0.272
0.233
0.251
0.197
0.252
0.258
0.243
0.246
0.253
0.265
0.315
0.314
0.251
0.399
0.256
0.251
0.322
0.265
0.265
0.241
0.231
0.223
0.266
0.313
0.265
0.315
0.257
0.237
0.311
0.262
0.296
0.254
0.294
0.257
0.236
0.351
0.334
0.301
0.248
0.340
0.528
0.418
0.353
0.291
0.261
0.267
0.180
0.387
0.281
0.285
0.295
0.380
0.268
0.351
0.391
0.196
0.268
0.246
0.257
0.286
0.289
0.259
0.289
0.263
0.312
0.262
0.242
0.271
0.264
0.367
0.259
0.230
0.300
0.291
0.245
0.252
0.245
0.219
0.296
0.289
0.259
0.185
0.291
0.423
0.589
0.310
0.216
0.377
0.204
0.409
0.352
0.255
0.246
0.245
0.287
0.231
0.280
0.310
0.300
0.203
0.178
0.266
0.367
0.275
0.252
0.220
0.274
0.308
0.322
0.386
0.395
0.303
0.224
0.328
0.259
0.231
0.391
0.263
0.251
0.244
0.276
0.271
0.360
0.384
0.491
0.250
0.340
0.231
0.221
0.357
0.197
0.255
0.238
0.295
0.259
0.233
0.346
0.385
0.221
0.251
0.449
0.230
0.344
0.254
0.264
0.300
0.266
0.316
0.312
0.170
0.286
0.381
0.262
0.290
0.261
0.334
0.289
0.185
0.215
0.405
0.308
0.252
0.183
0.249
0.245
0.243
0.313
0.293
0.239
0.212
0.251
0.272
0.282
0.280
0.258
0.346
0.190
0.277
0.316
0.299
0.266
0.236
0.281
0.248
0.259
0.265
0.288
0.314
0.208
0.244
0.314
0.293
0.269
0.259
0.305
0.296
0.263
0.264
0.253
0.280
0.310
0.246
0.257
0.225
0.235
0.248
0.284
0.260
0.319
0.269
0.213
0.244
0.347
0.267
0.253
0.243
0.278
0.248
0.369
0.320
0.312
0.251
0.254
0.393
0.346
0.304
0.301
0.246
0.191
0.245
0.257
0.298
0.307
0.265
0.355
0.258
0.286
0.351
0.276
0.301
0.290
0.385
0.261
0.255
0.312
0.267
0.315
0.312
0.256
0.253
0.253
0.298
0.316
0.408
0.249
0.231
0.338
0.323
0.253
0.317
0.196
0.269
0.256
0.394
0.278
0.308
0.260
0.251
0.255
0.276
0.307
0.260
0.252
0.237
0.307
0.314
0.266
0.292
0.231
0.270
0.220
0.411
0.267
0.254
0.274
0.334
0.342
0.371
0.301
0.258
0.198
0.387
0.275
0.243
0.261
0.221
0.322
0.307
0.224
0.332
0.259
0.271
0.286
0.243
0.402
0.377
0.221
0.244
0.287
0.251
0.296
0.353
0.267
0.255
0.248
0.260
0.243
0.297
0.277
0.253
0.329
0.229
0.247
0.322
0.452
0.271
0.268
0.305
0.347
0.276
0.232
0.263
0.209
0.249
0.320
0.208
0.262
0.422
0.243
0.335
0.239
0.337
0.260
0.282
0.324
0.422
0.440
0.218
0.187
0.269
0.262
0.262
0.196
0.307
0.383
0.366
0.297
0.343
0.309
0.422
0.293
0.306
0.319
0.304
0.242
0.256
0.314
0.315
0.251
0.245
0.211
0.403
0.274
0.253
0.461
0.281
0.294
0.252
0.359
0.265
0.283
0.248
0.263
0.292
0.331
0.239
0.313
0.254
0.284
0.280
0.258
0.377
0.318
0.285
0.304
0.238
0.348
0.246
0.263
0.270
0.294
0.248
0.276
0.431
0.338
0.242
0.257
0.246
0.293
0.249
0.308
0.254
0.301
0.258
0.275
0.250
0.380
0.280
0.246
0.251
0.230
0.278
0.373
0.408
0.396
0.306
0.306
0.272
0.329
0.231
0.327
0.275
0.247
0.329
0.256
0.232
0.269
0.189
0.224
0.252
0.240
0.255
0.342
0.265
0.238
0.311
0.273
0.304
0.332
0.383
0.309
0.298
0.304
0.251
0.304
0.267
0.218
0.326
0.327
0.422
0.251
0.249
0.245
0.281
0.396
0.304
0.272
0.215
0.352
0.408
0.262
0.268
0.253
0.344
0.248
0.290
0.314
0.308
0.266
0.250
0.302
0.279
0.317
0.278
0.327
0.302
0.343
0.250
0.257
0.415
0.319
0.212
0.249
0.333
0.319
0.203
0.250
0.278
0.249
0.295
0.323
0.287
0.277
0.213
0.365
0.254
0.237
0.322
0.473
0.486
0.416
0.226
0.271
0.308
0.191
0.292
0.366
0.252
0.322
0.258
0.274
0.253
0.251
0.281
0.256
0.346
0.289
0.251
0.295
0.367
0.256
0.256
0.261
0.356
0.415
0.323
0.221
0.348
0.295
0.427
0.453
0.241
0.374
0.231
0.236
0.294
0.241
0.256
0.269
0.289
0.243
0.258
0.279
0.249
0.241
0.399
0.287
0.241
0.258
0.356
0.175
0.321
0.323
0.263
0.291
0.231
0.257
0.215
0.230
0.418
0.291
0.269
0.268
0.245
0.395
0.266
0.303
0.178
0.291
0.193
0.188
0.283
0.260
0.260
0.337
0.327
0.345
0.383
0.267
0.154
0.238
0.250
0.345
0.273
0.329
0.240
0.265
0.234
0.350
0.280
0.288
0.393
0.288
0.375
0.303
0.229
0.240
0.296
0.297
0.233
0.246
0.325
0.247
0.253
0.241
0.247
0.295
0.210
0.245
0.249
0.294
0.257
0.266
0.239
0.277
0.261
0.298
0.270
0.311
0.297
0.233
0.263
0.298
0.338
0.264
0.249
0.202
0.304
0.256
0.292
0.272
0.265
0.296
0.264
0.269
0.353
0.281
0.277
0.285
0.286
0.249
0.275
0.366
0.269
0.254
0.254
0.251
0.309
0.239
0.209
0.287
0.242
0.245
0.239
0.237
0.367
0.374
0.375
0.342
0.235
0.260
0.234
0.246
0.239
0.246
0.314
0.269
0.369
0.414
0.249
0.245
0.264
0.256
0.284
0.252
0.313
0.400
0.196
0.328
0.184
0.251
0.280
0.300
0.243
0.234
0.364
0.271
0.253
0.298
0.253
0.261
0.284
0.246
0.247
0.313
0.323
0.286
0.243
0.287
0.374
0.386
0.424
0.292
0.263
0.319
0.257
0.260
0.230
0.214
0.341
0.249
0.227
0.224
0.251
0.299
0.305
0.351
0.341
0.302
0.254
0.290
0.415
0.263
0.267
0.261
0.357
0.310
0.274
0.166
0.187
0.295
0.311
0.259
0.304
0.328
0.250
0.255
0.240
0.278
0.251
0.278
0.246
0.257
0.250
0.263
0.295
0.254
0.221
0.241
0.215
0.286
0.299
0.240
0.256
0.285
0.321
0.210
0.323
0.309
0.257
0.246
0.241
0.337
0.291
0.245
0.255
0.267
0.328
0.254
0.192
0.238
0.269
0.322
0.239
0.246
0.250
0.269
0.317
0.226
0.247
0.246
0.364
0.229
0.299
0.311
0.318
0.302
0.253
0.254
0.316
0.263
0.246
0.197
0.301
0.332
0.271
0.372
0.311
0.250
0.297
0.252
0.250
0.278
0.247
0.297
0.395
0.289
0.320
0.231
0.257
0.241
0.258
0.297
0.251
0.233
0.315
0.372
0.212
0.350
0.469
0.278
0.263
0.328
0.373
0.266
0.242
0.249
0.217
0.330
0.261
0.234
0.282
0.316
0.411
0.411
0.291
0.244
0.328
0.271
0.255
0.264
0.249
0.256
0.349
0.251
0.297
0.268
0.284
0.339
0.259
0.252
0.345
0.324
0.267
0.303
0.242
0.327
0.305
0.376
0.380
0.316
0.330
0.443
0.325
0.330
0.347
0.322
0.294
0.326
0.248
0.338
0.324
0.287
0.310
0.285
0.425
0.253
0.345
0.392
0.302
0.324
0.275
0.347
0.401
0.294
0.258
0.291
0.310
0.361
0.342
0.235
0.337
0.299
0.362
0.271
0.278
0.296
0.248
0.276
0.287
0.293
0.358
0.262
0.279
0.329
0.409
0.260
0.286
0.295
0.279
0.301
0.369
0.304
0.337
0.239
0.374
0.266
0.287
0.221
0.295
0.197
0.337
0.304
0.342
0.352
0.324
0.290
0.310
0.377
0.239
0.307
0.304
0.352
0.311
0.347
0.208
0.333
0.269
0.322
0.336
0.288
0.394
0.371
0.368
0.255
0.220
0.238
0.358
0.333
0.273
0.275
0.352
0.255
0.252
0.236
0.245
0.276
0.392
0.228
0.256
0.285
0.378
0.308
0.267
0.237
0.326
0.314
0.292
0.247
0.290
0.287
0.368
0.262
0.333
0.252
0.368
0.260
0.278
0.285
0.323
0.203
0.239
0.324
0.319
0.278
0.249
0.300
0.248
0.259
0.286
0.235
0.258
0.233
0.224
0.301
0.218
0.222
0.212
0.328
0.247
0.249
0.330
0.239
0.234
0.240
0.249
0.283
0.283
0.238
0.258
0.282
0.201
0.285
0.387
0.312
0.247
0.237
0.180
0.253
0.240
0.251
0.253
0.256
0.293
0.241
0.299
0.305
0.348
0.298
0.245
0.245
0.334
0.382
0.330
0.351
0.270
0.257
0.425
0.246
0.244
0.224
0.238
0.253
0.263
0.247
0.313
0.337
0.256
0.304
0.253
0.270
0.402
0.487
0.265
0.296
0.339
0.341
0.269
0.333
0.267
0.253
0.258
0.298
0.309
0.305
0.252
0.254
0.235
0.250
0.238
0.243
0.255
0.245
0.280
0.305
0.299
0.259
0.249
0.249
0.249
0.258
0.247
0.241
0.240
0.235
0.301
0.245
0.256
0.263
0.300
0.278
0.364
0.287
0.275
0.272
0.286
0.280
0.253
0.338
0.286
0.271
0.249
0.239
0.260
0.256
0.336
0.266
0.287
0.277
0.319
0.401
0.258
0.320
0.334
0.281
0.193
0.231
0.202
0.263
0.335
0.237
0.329
0.210
0.269
0.261
0.304
0.288
0.352
0.342
0.257
0.247
0.437
0.202
0.260
0.255
0.241
0.248
0.229
0.254
0.260
0.239
0.256
0.296
0.256
0.233
0.306
0.322
0.277
0.344
0.271
0.229
0.246
0.271
0.252
0.323
0.304
0.248
0.271
0.313
0.250
0.259
0.241
0.268
0.354
0.264
0.262
0.271
0.156
0.305
0.428
0.314
0.337
0.375
0.503
0.277
0.364
0.254
0.241
0.331
0.250
0.368
0.269
0.280
0.283
0.268
0.318
0.234
0.265
0.304
0.262
0.232
0.410
0.248
0.455
0.292
0.258
0.221
0.279
0.274
0.270
0.223
0.348
0.264
0.181
0.244
0.274
0.173
0.262
0.259
0.260
0.246
0.242
0.236
0.268
0.250
0.392
0.244
0.261
0.389
0.329
0.327
0.249
0.322
0.276
0.257
0.249
0.261
0.231
0.340
0.279
0.256
0.261
0.261
0.368
0.226
0.292
0.249
0.298
0.287
0.351
0.292
0.340
0.213
0.285
0.251
0.284
0.305
0.259
0.255
0.251
0.252
0.244
0.250
0.246
0.220
0.235
0.269
0.348
0.191
0.294
0.367
0.345
0.252
0.301
0.255
0.249
0.249
0.256
0.241
0.326
0.262
0.312
0.221
0.260
0.259
0.209
0.255
0.324
0.266
0.240
0.261
0.244
0.269
0.284
0.283
0.295
0.300
0.322
0.246
0.259
0.255
0.345
0.287
0.255
0.234
0.256
0.247
0.258
0.302
0.162
0.261
0.197
0.310
0.233
0.273
0.359
0.362
0.261
0.242
0.290
0.249
0.265
0.299
0.255
0.267
0.257
0.239
0.264
0.301
0.258
0.303
0.217
0.250
0.253
0.261
0.260
0.271
0.313
0.258
0.244
0.361
0.284
0.253
0.253
0.225
0.264
0.264
0.254
0.400
0.298
0.348
0.263
0.307
0.384
0.267
0.172
0.255
0.246
0.259
0.309
0.267
0.271
0.263
0.305
0.252
0.288
0.246
0.329
0.272
0.351
0.224
0.289
0.235
0.335
0.301
0.253
0.247
0.238
0.254
0.252
0.252
0.314
0.249
0.326
0.301
0.278
0.223
0.293
0.357
0.264
0.247
0.244
0.250
0.185
0.249
0.256
0.235
0.310
0.280
0.196
0.380
0.236
0.245
0.254
0.322
0.177
0.285
0.270
0.273
0.358
0.264
0.267
0.191
0.167
0.261
0.236
0.241
0.341
0.533
0.244
0.457
0.264
0.253
0.233
0.205
0.330
0.238
0.255
0.209
0.269
0.269
0.343
0.380
0.400
0.351
0.320
0.192
0.315
0.317
0.265
0.331
0.364
0.285
0.347
0.353
0.259
0.267
0.334
0.242
0.177
0.246
0.249
0.350
0.191
0.299
0.370
0.259
0.249
0.437
0.371
0.280
0.253
0.245
0.318
0.268
0.291
0.252
0.252
0.232
0.221
0.255
0.255
0.249
0.241
0.236
0.241
0.259
0.251
0.255
0.243
0.223
0.236
0.222
0.241
0.360
0.260
0.284
0.261
0.269
0.281
0.243
0.290
0.342
0.243
0.215
0.283
0.244
0.371
0.303
0.320
0.205
0.297
0.263
0.445
0.235
0.334
0.270
0.419
0.272
0.229
0.273
0.279
0.293
0.432
0.333
0.317
0.259
0.377
0.314
0.233
0.300
0.302
0.233
0.281
0.295
0.305
0.237
0.334
0.281
0.388
0.329
0.318
0.287
0.257
0.422
0.238
0.343
0.269
0.236
0.402
0.232
0.280
0.321
0.250
0.261
0.341
0.318
0.271
0.254
0.285
0.320
0.228
0.305
0.445
0.323
0.334
0.259
0.305
0.247
0.303
0.352
0.286
0.358
0.300
0.252
0.251
0.322
0.329
0.328
0.320
0.332
0.228
0.252
0.249
0.306
0.495
0.269
0.259
0.256
0.249
0.338
0.201
0.300
0.267
0.300
0.485
0.424
0.256
0.351
0.251
0.266
0.246
0.375
0.264
0.256
0.294
0.407
0.302
0.251
0.266
0.408
0.292
0.293
0.260
0.293
0.240
0.360
0.253
0.169
0.232
0.358
0.425
0.349
0.289
0.257
0.201
0.238
0.412
0.258
0.184
0.292
0.260
0.249
0.367
0.246
0.279
0.254
0.297
0.318
0.232
0.335
0.260
0.257
0.262
0.262
0.331
0.443
0.294
0.259
0.176
0.243
0.253
0.246
0.240
0.259
0.258
0.252
0.329
0.279
0.265
0.353
0.251
0.237
0.301
0.236
0.313
0.248
0.250
0.351
0.259
0.259
0.260
0.238
0.242
0.241
0.234
0.316
0.253
0.266
0.284
0.196
0.364
0.280
0.190
0.275
0.245
0.248
0.260
0.283
0.200
0.295
0.249
0.236
0.246
0.376
0.420
0.294
0.156
0.277
0.311
0.354
0.268
0.340
0.231
0.255
0.254
0.257
0.251
0.269
0.255
0.246
0.267
0.248
0.287
0.169
0.299
0.226
0.241
0.245
0.286
0.342
0.273
0.410
0.304
0.245
0.316
0.237
0.227
0.271
0.246
0.260
0.237
0.261
0.240
0.245
0.269
0.283
0.258
0.253
0.239
0.263
0.319
0.253
0.241
0.255
0.258
0.285
0.345
0.240
0.239
0.280
0.303
0.237
0.218
0.204
0.248
0.259
0.238
0.260
0.377
0.348
0.190
0.253
0.223
0.301
0.169
0.269
0.230
0.241
0.252
0.276
0.236
0.246
0.239
0.266
0.188
0.266
0.178
0.258
0.286
0.282
0.292
0.254
0.256
0.295
0.319
0.244
0.261
0.231
0.242
0.256
0.261
0.311
0.242
0.218
0.271
0.260
0.248
0.300
0.247
0.346
0.242
0.281
0.245
0.247
0.255
0.234
0.246
0.366
0.265
0.238
0.183
0.250
0.251
0.234
0.375
0.256
0.234
0.205
0.273
0.253
0.237
0.298
0.241
0.227
0.310
0.338
0.376
0.305
0.385
0.310
0.339
0.258
0.258
0.255
0.243
0.303
0.238
0.267
0.248
0.292
0.240
0.256
0.283
0.199
0.347
0.301
0.222
0.241
0.257
0.249
0.244
0.243
0.237
0.248
0.234
0.250
0.283
0.298
0.254
0.256
0.250
0.314
0.263
0.225
0.217
0.219
0.384
0.298
0.316
0.273
0.257
0.394
0.351
0.256
0.258
0.266
0.283
0.243
0.258
0.249
0.265
0.247
0.251
0.349
0.171
0.284
0.173
0.250
0.304
0.271
0.241
0.254
0.245
0.347
0.235
0.241
0.255
0.191
0.238
0.287
0.251
0.251
0.244
0.308
0.417
0.289
0.303
0.310
0.235
0.328
0.286
0.268
0.246
0.306
0.248
0.294
0.251
0.249
0.266
0.336
0.221
0.285
0.308
0.243
0.274
0.314
0.340
0.250
0.264
0.275
0.272
0.368
0.280
0.276
0.246
0.294
0.167
0.323
0.244
0.287
0.362
0.243
0.241
0.250
0.236
0.296
0.225
0.257
0.239
0.233
0.262
0.249
0.281
0.304
0.255
0.294
0.305
0.296
0.308
0.305
0.244
0.363
0.270
0.244
0.202
0.253
0.291
0.244
0.297
0.260
0.257
0.262
0.242
0.244
0.234
0.414
0.256
0.198
0.248
0.256
0.322
0.224
0.285
0.253
0.246
0.208
0.248
0.296
0.235
0.222
0.239
0.264
0.244
0.259
0.261
0.217
0.241
0.240
0.334
0.175
0.285
0.374
0.276
0.246
0.296
0.261
0.254
0.153
0.293
0.287
0.249
0.249
0.438
0.291
0.322
0.290
0.258
0.251
0.271
0.266
0.255
0.323
0.249
0.350
0.357
0.285
0.242
0.252
0.253
0.263
0.302
0.241
0.291
0.293
0.293
0.233
0.248
0.246
0.248
0.255
0.261
0.204
0.270
0.249
0.315
0.320
0.247
0.294
0.297
0.244
0.256
0.245
0.250
0.241
0.176
0.280
0.243
0.254
0.307
0.313
0.236
0.302
0.257
0.311
0.209
0.250
0.261
0.353
0.390
0.241
0.335
0.304
0.206
0.252
0.260
0.368
0.251
0.321
0.238
0.248
0.255
0.174
0.216
0.250
0.230
0.286
0.283
0.229
0.168
0.256
0.288
0.265
0.268
0.228
0.241
0.236
0.242
0.241
0.246
0.282
0.299
0.314
0.252
0.326
0.358
0.207
0.299
0.274
0.246
0.244
0.241
0.265
0.224
0.232
0.322
0.275
0.272
0.241
0.251
0.259
0.267
0.257
0.311
0.274
0.316
0.261
0.258
0.247
0.258
0.238
0.268
0.249
0.246
0.274
0.277
0.279
0.299
0.238
0.280
0.222
0.484
0.402
0.291
0.236
0.356
0.317
0.258
0.364
0.327
0.327
0.233
0.245
0.239
0.258
0.266
0.248
0.303
0.256
0.252
0.255
0.267
0.393
0.247
0.264
0.350
0.292
0.385
0.302
0.287
0.266
0.261
0.253
0.292
0.234
0.226
0.354
0.255
0.255
0.262
0.345
0.225
0.276
0.218
0.262
0.248
0.245
0.257
0.292
0.439
0.231
0.252
0.272
0.276
0.242
0.271
0.268
0.237
0.302
0.344
0.347
0.305
0.301
0.266
0.259
0.285
0.228
0.265
0.228
0.259
0.183
0.248
0.230
0.326
0.223
0.221
0.452
0.298
0.319
0.321
0.255
0.324
0.242
0.264
0.311
0.427
0.386
0.321
0.261
0.353
0.337
0.238
0.188
0.246
0.344
0.323
0.252
0.266
0.265
0.265
0.345
0.263
0.286
0.233
0.460
0.255
0.276
0.170
0.170
0.258
0.245
0.382
0.246
0.241
0.267
0.252
0.258
0.305
0.260
0.305
0.263
0.384
0.273
0.256
0.356
0.322
0.350
0.267
0.340
0.267
0.229
0.303
0.363
0.253
0.319
0.363
0.271
0.330
0.296
0.267
0.261
0.247
0.257
0.290
0.247
0.246
0.242
0.295
0.189
0.272
0.177
0.223
0.208
0.245
0.238
0.260
0.289
0.247
0.235
0.254
0.287
0.355
0.237
0.226
0.294
0.306
0.335
0.220
0.352
0.329
0.247
0.230
0.289
0.368
0.230
0.361
0.166
0.288
0.290
0.404
0.311
0.253
0.200
0.196
0.254
0.242
0.238
0.260
0.389
0.255
0.300
0.292
0.260
0.243
0.233
0.177
0.275
0.276
0.269
0.286
0.287
0.260
0.242
0.245
0.297
0.235
0.249
0.280
0.319
0.227
0.245
0.298
0.256
0.249
0.302
0.300
0.391
0.340
0.164
0.266
0.233
0.210
0.277
0.257
0.228
0.267
0.201
0.243
0.464
0.318
0.188
0.356
0.373
0.184
0.173
0.348
0.313
0.299
0.347
0.271
0.167
0.331
0.305
0.281
0.424
0.358
0.290
0.275
0.278
0.302
0.253
0.331
0.308
0.262
0.383
0.355
0.312
0.354
0.178
0.324
0.237
0.345
0.265
0.251
0.258
0.234
0.243
0.249
0.329
0.277
0.310
0.231
0.241
0.214
0.287
0.253
0.352
0.269
0.182
0.339
0.313
0.252
0.276
0.275
0.389
0.228
0.338
0.388
0.262
0.279
0.260
0.251
0.247
0.260
0.450
0.295
0.324
0.299
0.386
0.412
0.310
0.315
0.285
0.354
0.339
0.393
0.243
0.257
0.282
0.402
0.269
0.293
0.244
0.245
0.221
0.300
0.251
0.247
0.272
0.304
0.244
0.220
0.238
0.264
0.266
0.274
0.256
0.200
0.422
0.331
0.368
0.333
0.313
0.288
0.244
0.370
0.240
0.363
0.329
0.264
0.279
0.243
0.319
0.318
0.269
0.325
0.293
0.298
0.329
0.383
0.368
0.312
0.289
0.465
0.261
0.230
0.296
0.520
0.335
0.293
0.431
0.343
0.387
0.240
0.199
0.276
0.247
0.241
0.266
0.359
0.370
0.249
0.421
0.334
0.310
0.271
0.309
0.263
0.328
0.283
0.293
0.257
0.444
0.200
0.324
0.291
0.249
0.249
0.305
0.337
0.225
0.232
0.247
0.182
0.332
0.232
0.327
0.272
0.314
0.268
0.248
0.263
0.233
0.263
0.261
0.322
0.259
0.340
0.253
0.249
0.255
0.263
0.283
0.377
0.255
0.248
0.322
0.307
0.301
0.311
0.219
0.322
0.243
0.165
0.276
0.196
0.364
0.253
0.233
0.244
0.246
0.310
0.257
0.226
0.246
0.236
0.321
0.312
0.267
0.242
0.245
0.255
0.290
0.289
0.339
0.263
0.268
0.426
0.249
0.259
0.231
0.276
0.237
0.270
0.238
0.328
0.324
0.294
0.405
0.239
0.397
0.374
0.336
0.269
0.246
0.267
0.297
0.264
0.260
0.289
0.253
0.278
0.209
0.246
0.242
0.258
0.250
0.361
0.342
0.358
0.316
0.273
0.246
0.247
0.276
0.249
0.254
0.278
0.243
0.245
0.228
0.323
0.277
0.252
0.264
0.257
0.246
0.239
0.367
0.234
0.323
0.252
0.262
0.255
0.288
0.287
0.237
0.281
0.261
0.258
0.264
0.239
0.253
0.244
0.235
0.245
0.248
0.273
0.347
0.167
0.321
0.256
0.247
0.334
0.310
0.251
0.317
0.309
0.222
0.348
0.335
0.255
0.251
0.263
0.286
0.306
0.256
0.275
0.338
0.253
0.267
0.254
0.279
0.242
0.235
0.346
0.297
0.256
0.255
0.329
0.253
0.327
0.252
0.263
0.259
0.244
0.246
0.249
0.336
0.303
0.248
0.261
0.299
0.262
0.300
0.259
0.307
0.321
0.314
0.257
0.245
0.333
0.259
0.292
0.235
0.190
0.359
0.247
0.168
0.304
0.296
0.237
0.328
0.276
0.272
0.247
0.230
0.254
0.236
0.246
0.252
0.234
0.301
0.336
0.250
0.241
0.235
0.256
0.245
0.239
0.253
0.310
0.294
0.325
0.306
0.241
0.337
0.283
0.220
0.331
0.263
0.342
0.293
0.255
0.283
0.254
0.245
0.333
0.340
0.253
0.241
0.265
0.178
0.242
0.262
0.273
0.237
0.339
0.365
0.317
0.240
0.246
0.312
0.263
0.290
0.318
0.294
0.255
0.254
0.296
0.247
0.249
0.245
0.185
0.270
0.252
0.344
0.269
0.259
0.246
0.252
0.305
0.330
0.257
0.231
0.247
0.216
0.256
0.313
0.351
0.228
0.230
0.160
0.258
0.361
0.272
0.468
0.290
0.275
0.299
0.246
0.246
0.313
0.347
0.176
0.246
0.288
0.251
0.283
0.263
0.339
0.269
0.229
0.230
0.377
0.249
0.247
0.250
0.249
0.295
0.341
0.372
0.256
0.153
0.376
0.312
0.241
0.317
0.247
0.254
0.284
0.219
0.257
0.299
0.254
0.343
0.250
0.238
0.254
0.266
0.254
0.386
0.348
0.251
0.280
0.256
0.251
0.330
0.250
0.244
0.334
0.293
0.282
0.216
0.253
0.230
0.240
0.237
0.251
0.265
0.257
0.264
0.295
0.261
0.372
0.245
0.256
0.252
0.312
0.365
0.376
0.303
0.252
0.328
0.237
0.271
0.319
0.334
0.252
0.298
0.270
0.265
0.162
0.303
0.303
0.322
0.170
0.259
0.244
0.239
0.333
0.248
0.182
0.191
0.233
0.314
0.262
0.259
0.258
0.229
0.251
0.244
0.330
0.248
0.187
0.278
0.310
0.255
0.297
0.250
0.247
0.309
0.241
0.251
0.296
0.273
0.267
0.242
0.251
0.301
0.253
0.252
0.265
0.287
0.240
0.262
0.237
0.263
0.284
0.361
0.354
0.248
0.358
0.234
0.256
0.247
0.229
0.238
0.352
0.237
0.259
0.454
0.253
0.277
0.309
0.249
0.257
0.250
0.255
0.340
0.249
0.259
0.255
0.363
0.241
0.249
0.242
0.234
0.245
0.271
0.253
0.264
0.310
0.264
0.236
0.225
0.297
0.284
0.255
0.243
0.241
0.245
0.301
0.446
0.256
0.255
0.244
0.246
0.243
0.289
0.192
0.257
0.260
0.318
0.236
0.259
0.261
0.302
0.282
0.241
0.268
0.288
0.347
0.237
0.253
0.293
0.468
0.245
0.301
0.254
0.266
0.312
0.346
0.228
0.446
0.287
0.327
0.166
0.235
0.314
0.302
0.333
0.254
0.247
0.243
0.307
0.230
0.244
0.221
0.261
0.251
0.246
0.229
0.253
0.268
0.284
0.243
0.358
0.431
0.296
0.259
0.310
0.284
0.257
0.224
0.231
0.333
0.250
0.259
0.267
0.247
0.277
0.256
0.254
0.245
0.322
0.236
0.250
0.204
0.302
0.287
0.246
0.234
0.252
0.245
0.341
0.355
0.318
0.257
0.251
0.252
0.258
0.247
0.245
0.272
0.262
0.327
0.252
0.239
0.255
0.343
0.252
0.236
0.305
0.244
0.269
0.297
0.290
0.263
0.320
0.292
0.284
0.249
0.289
0.261
0.223
0.271
0.248
0.225
0.226
0.303
0.386
0.350
0.324
0.251
0.303
0.238
0.247
0.260
0.243
0.288
0.290
0.253
0.230
0.238
0.300
0.248
0.253
0.256
0.244
0.315
0.299
0.314
0.249
0.301
0.350
0.238
0.251
0.255
0.296
0.232
0.253
0.275
0.252
0.268
0.248
0.234
0.246
0.283
0.255
0.253
0.301
0.266
0.261
0.239
0.301
0.286
0.255
0.244
0.236
0.254
0.250
0.250
0.331
0.260
0.269
0.286
0.231
0.236
0.284
0.324
0.247
0.227
0.249
0.256
0.311
0.254
0.250
0.232
0.247
0.307
0.261
0.265
0.236
0.242
0.297
0.253
0.288
0.258
0.290
0.315
0.280
0.263
0.249
0.241
0.254
0.284
0.223
0.263
0.240
0.263
0.295
0.249
0.253
0.244
0.233
0.445
0.359
0.322
0.251
0.173
0.264
0.277
0.278
0.254
0.261
0.251
0.246
0.263
0.304
0.254
0.156
0.219
0.243
0.295
0.241
0.255
0.248
0.253
0.252
0.248
0.245
0.234
0.268
0.372
0.281
0.294
0.273
0.243
0.274
0.225
0.270
0.234
0.244
0.304
0.282
0.288
0.242
0.304
0.228
0.262
0.241
0.246
0.219
0.243
0.288
0.286
0.257
0.244
0.425
0.258
0.245
0.257
0.259
0.236
0.243
0.210
0.303
0.252
0.313
0.262
0.252
0.271
0.179
0.247
0.257
0.268
0.249
0.263
0.227
0.238
0.236
0.373
0.340
0.182
0.164
0.241
0.302
0.310
0.229
0.243
0.304
0.342
0.331
0.177
0.238
0.232
0.248
0.257
0.254
0.264
0.249
0.260
0.264
0.302
0.333
0.258
0.269
0.249
0.244
0.323
0.274
0.248
0.273
0.263
0.259
0.310
0.239
0.302
0.287
0.251
0.345
0.257
0.365
0.300
0.304
0.263
0.243
0.240
0.260
0.306
0.254
0.303
0.233
0.176
0.243
0.254
0.271
0.247
0.253
0.226
0.258
0.238
0.237
0.298
0.241
0.259
0.245
0.235
0.249
0.249
0.248
0.250
0.257
0.323
0.256
0.355
0.284
0.244
0.297
0.282
0.259
0.244
0.173
0.266
0.257
0.241
0.258
0.374
0.246
0.239
0.237
0.221
0.251
0.260
0.243
0.254
0.222
0.242
0.227
0.227
0.241
0.360
0.391
0.225
0.183
0.238
0.239
0.235
0.259
0.249
0.255
0.283
0.325
0.247
0.251
0.243
0.315
0.262
0.326
0.284
0.437
0.257
0.239
0.224
0.258
0.255
0.253
0.243
0.285
0.310
0.265
0.255
0.247
0.280
0.260
0.198
0.310
0.318
0.283
0.269
0.252
0.245
0.309
0.283
0.248
0.239
0.272
0.195
0.226
0.315
0.281
0.266
0.283
0.224
0.439
0.302
0.288
0.259
0.281
0.153
0.281
0.246
0.251
0.231
0.250
0.296
0.283
0.271
0.240
0.253
0.256
0.272
0.338
0.258
0.245
0.329
0.233
0.263
0.231
0.329
0.274
0.251
0.289
0.180
0.287
0.282
0.251
0.222
0.250
0.261
0.327
0.257
0.238
0.248
0.297
0.241
0.255
0.247
0.241
0.205
0.280
0.233
0.251
0.274
0.253
0.292
0.223
0.251
0.241
0.260
0.257
0.219
0.290
0.282
0.414
0.383
0.294
0.256
0.217
0.288
0.244
0.244
0.250
0.257
0.240
0.271
0.268
0.248
0.333
0.294
0.271
0.238
0.245
0.260
0.342
0.291
0.255
0.244
0.241
0.276
0.246
0.237
0.247
0.229
0.236
0.241
0.305
0.337
0.270
0.238
0.266
0.253
0.322
0.298
0.232
0.277
0.247
0.252
0.250
0.167
0.249
0.296
0.303
0.274
0.241
0.242
0.241
0.259
0.261
0.249
0.309
0.251
0.258
0.165
0.221
0.334
0.241
0.274
0.292
0.265
0.383
0.257
0.250
0.236
0.350
0.274
0.259
0.321
0.271
0.327
0.265
0.251
0.295
0.305
0.228
0.236
0.268
0.365
0.311
0.260
0.246
0.265
0.242
0.249
0.255
0.288
0.263
0.208
0.364
0.253
0.246
0.250
0.242
0.224
0.221
0.257
0.298
0.345
0.231
0.268
0.242
0.293
0.290
0.299
0.285
0.325
0.217
0.283
0.243
0.304
0.248
0.251
0.247
0.259
0.263
0.284
0.299
0.300
0.264
0.317
0.311
0.244
0.261
0.299
0.258
0.250
0.254
0.256
0.264
0.253
0.280
0.309
0.253
0.247
0.193
0.419
0.229
0.259
0.325
0.273
0.171
0.268
0.258
0.283
0.304
0.256
0.326
0.249
0.253
0.380
0.333
0.254
0.332
0.246
0.241
0.245
0.235
0.255
0.261
0.268
0.242
0.299
0.391
0.245
0.288
0.255
0.230
0.277
0.251
0.350
0.256
0.238
0.263
0.255
0.239
0.261
0.254
0.249
0.187
0.244
0.293
0.266
0.237
0.327
0.348
0.244
0.255
0.249
0.296
0.286
0.240
0.247
0.247
0.333
0.262
0.308
0.358
0.247
0.252
0.243
0.251
0.244
0.234
0.245
0.240
0.214
0.274
0.290
0.167
0.247
0.338
0.254
0.305
0.263
0.272
0.315
0.201
0.234
0.244
0.262
0.241
0.277
0.364
0.312
0.235
0.292
0.259
0.236
0.242
0.254
0.257
0.251
0.341
0.252
0.258
0.303
0.249
0.252
0.240
0.231
0.301
0.247
0.257
0.382
0.232
0.253
0.247
0.393
0.252
0.285
0.253
0.258
0.313
0.250
0.244
0.237
0.320
0.253
0.315
0.248
0.230
0.263
0.229
0.247
0.325
0.243
0.244
0.255
0.244
0.245
0.251
0.230
0.243
0.229
0.300
0.244
0.289
0.246
0.252
0.285
0.253
0.246
0.261
0.246
0.210
0.226
0.261
0.264
0.209
0.383
0.284
0.243
0.378
0.291
0.371
0.286
0.238
0.329
0.250
0.295
0.261
0.247
0.299
0.326
0.261
0.249
0.255
0.191
0.238
0.227
0.422
0.240
0.234
0.202
0.236
0.290
0.322
0.302
0.241
0.236
0.333
0.271
0.302
0.251
0.323
0.242
0.291
0.244
0.225
0.249
0.179
0.251
0.300
0.245
0.371
0.248
0.236
0.236
0.304
0.240
0.256
0.274
0.344
0.387
0.204
0.248
0.241
0.250
0.340
0.292
0.233
0.326
0.251
0.255
0.231
0.355
0.250
0.241
0.243
0.260
0.244
0.298
0.250
0.239
0.266
0.252
0.248
0.247
0.240
0.318
0.309
0.274
0.329
0.242
0.280
0.360
0.205
0.280
0.275
0.248
0.230
0.343
0.253
0.251
0.358
0.251
0.305
0.245
0.391
0.318
0.244
0.230
0.199
0.296
0.278
0.251
0.236
0.294
0.262
0.235
0.249
0.266
0.261
0.404
0.309
0.283
0.301
0.243
0.256
0.230
0.307
0.255
0.293
0.283
0.254
0.266
0.252
0.250
0.251
0.236
0.329
0.284
0.202
0.270
0.232
0.257
0.307
0.301
0.248
0.205
0.291
0.244
0.255
0.424
0.429
0.245
0.297
0.266
0.274
0.257
0.249
0.215
0.240
0.306
0.207
0.223
0.255
0.238
0.243
0.234
0.229
0.289
0.262
0.288
0.232
0.274
0.289
0.236
0.240
0.311
0.245
0.252
0.327
0.186
0.293
0.255
0.269
0.295
0.252
0.276
0.209
0.261
0.287
0.247
0.246
0.262
0.361
0.380
0.249
0.253
0.290
0.289
0.249
0.241
0.244
0.250
0.329
0.249
0.307
0.256
0.236
0.342
0.243
0.226
0.282
0.374
0.246
0.241
0.246
0.383
0.251
0.222
0.245
0.348
0.231
0.232
0.196
0.261
0.253
0.250
0.257
0.158
0.258
0.275
0.287
0.241
0.251
0.255
0.246
0.250
0.324
0.179
0.357
0.293
0.240
0.247
0.336
0.253
0.243
0.241
0.263
0.242
0.263
0.242
0.297
0.216
0.295
0.222
0.268
0.285
0.247
0.250
0.155
0.437
0.257
0.239
0.236
0.256
0.252
0.228
0.241
0.236
0.263
0.275
0.309
0.235
0.260
0.177
0.229
0.255
0.277
0.218
0.256
0.220
0.253
0.253
0.259
0.261
0.230
0.248
0.296
0.365
0.385
0.255
0.247
0.256
0.247
0.282
0.276
0.291
0.245
0.241
0.248
0.246
0.238
0.248
0.254
0.252
0.285
0.242
0.269
0.227
0.301
0.247
0.273
0.245
0.323
0.243
0.236
0.232
0.248
0.248
0.250
0.259
0.228
0.264
0.241
0.251
0.291
0.253
0.252
0.240
0.240
0.240
0.238
0.230
0.309
0.244
0.249
0.227
0.339
0.339
0.258
0.261
0.245
0.316
0.352
0.274
0.264
0.269
0.253
0.256
0.243
0.226
0.261
0.291
0.304
0.279
0.256
0.247
0.256
0.239
0.284
0.243
0.252
0.230
0.229
0.284
0.233
0.233
0.309
0.285
0.315
0.257
0.259
0.274
0.262
0.308
0.265
0.262
0.369
0.258
0.247
0.333
0.248
0.251
0.237
0.236
0.338
0.291
0.226
0.239
0.257
0.300
0.232
0.232
0.182
0.278
0.234
0.244
0.251
0.249
0.242
0.271
0.267
0.255
0.231
0.242
0.253
0.242
0.275
0.250
0.328
0.274
0.246
0.253
0.269
0.240
0.254
0.314
0.262
0.243
0.338
0.243
0.261
0.233
0.287
0.252
0.216
0.231
0.244
0.355
0.243
0.316
0.264
0.291
0.300
0.230
0.322
0.327
0.318
0.239
0.239
0.330
0.244
0.248
0.250
0.255
0.355
0.261
0.250
0.290
0.250
0.299
0.277
0.251
0.220
0.257
0.287
0.258
0.225
0.307
0.258
0.245
0.245
0.255
0.246
0.278
0.260
0.260
0.264
0.240
0.245
0.294
0.285
0.257
0.233
0.223
0.245
0.331
0.252
0.413
0.323
0.237
0.251
0.352
0.270
0.300
0.282
0.259
0.332
0.362
0.301
0.254
0.292
0.257
0.302
0.327
0.286
0.298
0.319
0.221
0.267
0.248
0.343
0.279
0.269
0.231
0.252
0.241
0.261
0.242
0.235
0.250
0.237
0.265
0.329
0.336
0.284
0.244
0.268
0.244
0.248
0.246
0.242
0.167
0.344
0.239
0.271
0.247
0.249
0.351
0.253
0.396
0.272
0.240
0.230
0.237
0.250
0.369
0.338
0.280
0.305
0.252
0.216
0.299
0.261
0.241
0.277
0.250
0.283
0.245
0.256
0.228
0.257
0.250
0.257
0.287
0.258
0.289
0.239
0.264
0.269
0.262
0.246
0.305
0.275
0.252
0.238
0.248
0.266
0.255
0.237
0.256
0.243
0.234
0.242
0.297
0.234
0.219
0.233
0.240
0.248
0.266
0.239
0.249
0.252
0.248
0.255
0.255
0.251
0.301
0.243
0.242
0.145
0.312
0.279
0.253
0.248
0.252
0.265
0.245
0.307
0.348
0.253
0.246
0.187
0.277
0.258
0.244
0.276
0.247
0.252
0.243
0.225
0.240
0.294
0.365
0.253
0.295
0.260
0.234
0.230
0.252
0.299
0.248
0.266
0.275
0.244
0.242
0.233
0.323
0.241
0.242
0.257
0.245
0.283
0.257
0.240
0.269
0.223
0.258
0.283
0.241
0.265
0.266
0.254
0.255
0.332
0.242
0.232
0.335
0.291
0.253
0.295
0.251
0.262
0.228
0.255
0.271
0.314
0.248
0.271
0.236
0.313
0.260
0.252
0.369
0.311
0.394
0.332
0.243
0.171
0.239
0.250
0.225
0.203
0.236
0.270
0.287
0.159
0.284
0.257
0.251
0.246
0.240
0.242
0.195
0.244
0.259
0.244
0.224
0.260
0.244
0.442
0.235
0.260
0.236
0.316
0.258
0.286
0.261
0.247
0.262
0.283
0.274
0.251
0.256
0.265
0.246
0.311
0.255
0.331
0.297
0.257
0.239
0.243
0.339
0.341
0.300
0.240
0.242
0.240
0.267
0.270
0.259
0.256
0.287
0.273
0.303
0.304
0.355
0.276
0.255
0.290
0.216
0.255
0.250
0.258
0.288
0.242
0.239
0.247
0.251
0.250
0.251
0.262
0.222
0.253
0.256
0.251
0.279
0.248
0.240
0.255
0.292
0.245
0.175
0.205
0.377
0.178
0.230
0.265
0.251
0.252
0.313
0.256
0.319
0.312
0.294
0.243
0.191
0.245
0.242
0.256
0.243
0.300
0.327
0.310
0.193
0.282
0.243
0.401
0.256
0.251
0.248
0.253
0.243
0.243
0.252
0.256
0.243
0.260
0.249
0.239
0.258
0.248
0.258
0.265
0.245
0.225
0.242
0.284
0.248
0.274
0.408
0.250
0.242
0.206
0.277
0.247
0.295
0.219
0.247
0.260
0.233
0.239
0.256
0.314
0.302
0.266
0.249
0.242
0.233
0.249
0.250
0.312
0.246
0.255
0.250
0.241
0.224
0.274
0.264
0.261
0.279
0.264
0.249
0.236
0.251
0.261
0.244
0.274
0.262
0.344
0.197
0.345
0.250
0.245
0.273
0.237
0.173
0.340
0.244
0.249
0.242
0.233
0.241
0.244
0.242
0.257
0.217
0.258
0.154
0.277
0.249
0.263
0.237
0.255
0.266
0.240
0.256
0.182
0.233
0.268
0.251
0.373
0.246
0.274
0.301
0.287
0.250
0.240
0.366
0.321
0.240
0.248
0.203
0.260
0.256
0.274
0.238
0.295
0.193
0.370
0.403
0.271
0.411
0.288
0.215
0.229
0.191
0.286
0.253
0.248
0.274
0.238
0.354
0.288
0.362
0.280
0.321
0.260
0.276
0.239
0.264
0.352
0.249
0.251
0.262
0.292
0.266
0.264
0.245
0.250
0.236
0.257
0.153
0.239
0.283
0.256
0.256
0.315
0.239
0.237
0.296
0.263
0.262
0.247
0.243
0.249
0.301
0.271
0.324
0.312
0.304
0.313
0.247
0.313
0.326
0.237
0.229
0.241
0.264
0.321
0.263
0.224
0.251
0.250
0.243
0.243
0.265
0.167
0.286
0.240
0.321
0.228
0.289
0.246
0.220
0.247
0.374
0.250
0.253
0.248
0.259
0.254
0.273
0.250
0.238
0.256
0.257
0.322
0.301
0.262
0.254
0.244
0.253
0.251
0.279
0.238
0.263
0.242
0.244
0.254
0.467
0.294
0.251
0.292
0.282
0.248
0.253
0.294
0.298
0.254
0.236
0.191
0.252
0.490
0.275
0.264
0.254
0.306
0.261
0.267
0.265
0.242
0.386
0.248
0.290
0.469
0.261
0.256
0.255
0.315
0.296
0.244
0.295
0.218
0.284
0.230
0.266
0.246
0.302
0.244
0.255
0.301
0.276
0.248
0.291
0.247
0.251
0.316
0.263
0.257
0.318
0.302
0.251
0.231
0.251
0.203
0.245
0.247
0.236
0.249
0.282
0.318
0.298
0.328
0.244
0.254
0.249
0.305
0.353
0.307
0.262
0.298
0.248
0.327
0.286
0.348
0.272
0.300
0.281
0.355
0.276
0.333
0.249
0.251
0.263
0.243
0.328
0.271
0.286
0.226
0.242
0.241
0.229
0.305
0.255
0.235
0.238
0.270
0.260
0.335
0.435
0.304
0.288
0.247
0.249
0.249
0.255
0.298
0.291
0.173
0.271
0.270
0.286
0.277
0.257
0.251
0.234
0.282
0.279
0.267
0.245
0.253
0.316
0.292
0.304
0.352
0.310
0.308
0.250
0.282
0.239
0.295
0.332
0.223
0.344
0.232
0.275
0.229
0.241
0.378
0.252
0.235
0.252
0.309
0.253
0.303
0.189
0.368
0.261
0.259
0.252
0.314
0.225
0.270
0.315
0.288
0.246
0.257
0.262
0.244
0.365
0.249
0.231
0.249
0.250
0.275
0.274
0.300
0.242
0.234
0.327
0.289
0.337
0.301
0.186
0.261
0.297
0.224
0.238
0.227
0.294
0.253
0.451
0.249
0.245
0.302
0.247
0.286
0.272
0.300
0.232
0.298
0.257
0.286
0.248
0.262
0.238
0.320
0.246
0.255
0.260
0.262
0.250
0.243
0.247
0.257
0.217
0.246
0.320
0.266
0.333
0.176
0.189
0.185
0.292
0.303
0.251
0.275
0.309
0.353
0.240
0.232
0.247
0.269
0.259
0.286
0.437
0.263
0.284
0.311
0.256
0.239
0.280
0.251
0.172
0.194
0.274
0.241
0.248
0.254
0.317
0.320
0.245
0.239
0.262
0.343
0.264
0.183
0.248
0.243
0.310
0.237
0.338
0.299
0.245
0.290
0.240
0.248
0.402
0.262
0.231
0.295
0.251
0.247
0.248
0.235
0.260
0.239
0.247
0.260
0.258
0.248
0.364
0.268
0.245
0.226
0.257
0.263
0.256
0.248
0.240
0.251
0.231
0.298
0.306
0.230
0.244
0.241
0.239
0.230
0.248
0.255
0.254
0.247
0.256
0.246
0.240
0.250
0.260
0.253
0.249
0.257
0.278
0.316
0.247
0.245
0.254
0.250
0.192
0.301
0.266
0.247
0.266
0.262
0.251
0.231
0.255
0.240
0.338
0.253
0.319
0.294
0.254
0.309
0.265
0.276
0.245
0.228
0.448
0.277
0.269
0.251
0.381
0.289
0.264
0.200
0.247
0.228
0.348
0.304
0.249
0.200
0.254
0.246
0.254
0.278
0.207
0.270
0.234
0.246
0.258
0.264
0.197
0.249
0.236
0.308
0.263
0.264
0.294
0.245
0.267
0.226
0.352
0.303
0.209
0.241
0.341
0.231
0.244
0.253
0.309
0.264
0.227
0.305
0.236
0.251
0.245
0.274
0.353
0.260
0.336
0.286
0.237
0.239
0.314
0.252
0.287
0.249
0.242
0.306
0.257
0.255
0.175
0.281
0.251
0.228
0.233
0.244
0.245
0.245
0.145
0.236
0.261
0.222
0.273
0.252
0.292
0.242
0.240
0.302
0.386
0.242
0.309
0.253
0.257
0.246
0.302
0.249
0.235
0.305
0.237
0.266
0.240
0.241
0.328
0.252
0.262
0.248
0.259
0.243
0.240
0.306
0.302
0.303
0.256
0.233
0.263
0.257
0.252
0.252
0.197
0.301
0.254
0.234
0.280
0.300
0.253
0.289
0.273
0.238
0.307
0.405
0.288
0.325
0.246
0.246
0.280
0.296
0.248
0.249
0.247
0.241
0.255
0.253
0.298
0.294
0.237
0.287
0.307
0.243
0.287
0.254
0.236
0.306
0.240
0.247
0.260
0.249
0.251
0.228
0.240
0.291
0.241
0.237
0.174
0.185
0.236
0.253
0.238
0.239
0.288
0.237
0.259
0.253
0.202
0.242
0.279
0.244
0.251
0.228
0.414
0.238
0.327
0.240
0.254
0.270
0.260
0.247
0.245
0.338
0.362
0.296
0.315
0.257
0.288
0.239
0.258
0.252
0.251
0.250
0.250
0.247
0.247
0.266
0.252
0.248
0.282
0.236
0.364
0.260
0.271
0.276
0.237
0.246
0.244
0.276
0.289
0.303
0.237
0.257
0.235
0.254
0.354
0.238
0.387
0.254
0.175
0.248
0.232
0.231
0.241
0.242
0.259
0.292
0.250
0.236
0.178
0.301
0.287
0.226
0.303
0.242
0.247
0.242
0.244
0.303
0.242
0.260
0.249
0.242
0.294
0.272
0.255
0.237
0.232
0.232
0.310
0.272
0.288
0.233
0.302
0.239
0.250
0.244
0.244
0.232
0.251
0.279
0.206
0.244
0.239
0.249
0.335
0.254
0.384
0.352
0.241
0.269
0.298
0.260
0.248
0.267
0.248
0.248
0.255
0.253
0.240
0.299
0.239
0.256
0.250
0.285
0.300
0.230
0.266
0.257
0.283
0.243
0.321
0.316
0.280
0.243
0.305
0.295
0.309
0.284
0.241
0.247
0.252
0.280
0.244
0.284
0.250
0.274
0.269
0.260
0.291
0.247
0.254
0.302
0.242
0.244
0.266
0.242
0.248
0.250
0.244
0.247
0.257
0.234
0.252
0.434
0.289
0.235
0.247
0.246
0.288
0.312
0.248
0.321
0.261
0.301
0.309
0.248
0.337
0.244
0.247
0.322
0.230
0.246
0.241
0.245
0.263
0.262
0.228
0.273
0.237
0.234
0.262
0.263
0.256
0.252
0.240
0.184
0.323
0.266
0.291
0.369
0.241
0.280
0.295
0.254
0.169
0.251
0.257
0.254
0.241
0.189
0.270
0.227
0.288
0.246
0.235
0.245
0.251
0.246
0.251
0.169
0.261
0.229
0.256
0.358
0.340
0.200
0.244
0.299
0.252
0.252
0.227
0.233
0.306
0.241
0.219
0.237
0.242
0.170
0.225
0.241
0.259
0.289
0.322
0.297
0.310
0.258
0.250
0.246
0.298
0.275
0.295
0.245
0.256
0.294
0.252
0.269
0.246
0.248
0.354
0.317
0.294
0.245
0.248
0.304
0.260
0.241
0.251
0.363
0.254
0.294
0.229
0.297
0.247
0.388
0.268
0.290
0.184
0.273
0.275
0.249
0.250
0.333
0.255
0.257
0.246
0.282
0.326
0.279
0.290
0.279
0.226
0.241
0.246
0.259
0.259
0.244
0.277
0.222
0.241
0.235
0.256
0.248
0.273
0.298
0.242
0.237
0.271
0.264
0.287
0.252
0.262
0.328
0.312
0.276
0.280
0.256
0.266
0.258
0.242
0.278
0.252
0.375
0.244
0.374
0.251
0.294
0.236
0.239
0.271
0.237
0.252
0.380
0.262
0.243
0.257
0.265
0.247
0.262
0.309
0.158
0.242
0.256
0.268
0.250
0.309
0.247
0.178
0.238
0.207
0.255
0.239
0.235
0.244
0.232
0.242
0.246
0.228
0.313
0.277
0.199
0.280
0.208
0.238
0.316
0.246
0.233
0.295
0.250
0.295
0.266
0.263
0.285
0.320
0.264
0.236
0.259
0.257
0.257
0.286
0.248
0.250
0.244
0.252
0.287
0.259
0.333
0.270
0.273
0.259
0.249
0.239
0.166
0.275
0.310
0.242
0.246
0.249
0.375
0.273
0.324
0.244
0.247
0.258
0.335
0.244
0.237
0.304
0.258
0.255
0.235
0.238
0.242
0.234
0.168
0.247
0.244
0.350
0.263
0.206
0.248
0.235
0.257
0.268
0.249
0.153
0.213
0.272
0.270
0.367
0.306
0.287
0.253
0.373
0.271
0.267
0.204
0.253
0.258
0.183
0.257
0.262
0.262
0.324
0.269
0.287
0.233
0.251
0.229
0.295
0.242
0.264
0.254
0.312
0.251
0.247
0.258
0.304
0.249
0.291
0.281
0.256
0.250
0.255
0.250
0.248
0.359
0.302
0.185
0.293
0.312
0.326
0.267
0.232
0.183
0.280
0.292
0.248
0.268
0.236
0.249
0.237
0.178
0.252
0.251
0.249
0.247
0.338
0.350
0.240
0.183
0.252
0.245
0.283
0.257
0.263
0.254
0.281
0.251
0.234
0.251
0.256
0.299
0.233
0.263
0.294
0.313
0.267
0.283
0.219
0.302
0.244
0.234
0.313
0.192
0.221
0.336
0.255
0.248
0.257
0.245
0.239
0.367
0.339
0.307
0.262
0.263
0.243
0.257
0.280
0.237
0.420
0.224
0.299
0.353
0.272
0.360
0.279
0.310
0.257
0.304
0.361
0.285
0.235
0.353
0.311
0.220
0.250
0.306
0.307
0.263
0.276
0.305
0.245
0.284
0.275
0.214
0.233
0.250
0.241
0.293
0.254
0.274
0.244
0.281
0.292
0.257
0.432
0.455
0.253
0.386
0.260
0.321
0.233
0.408
0.273
0.216
0.351
0.345
0.273
0.306
0.259
0.271
0.372
0.260
0.309
0.275
0.422
0.261
0.255
0.233
0.261
0.351
0.326
0.362
0.293
0.252
0.257
0.237
0.279
0.406
0.246
0.255
0.247
0.387
0.326
0.276
0.250
0.293
0.313
0.320
0.328
0.300
0.233
0.371
0.252
0.298
0.313
0.263
0.473
0.262
0.237
0.188
0.254
0.491
0.295
0.251
0.302
0.238
0.310
0.259
0.292
0.244
0.241
0.272
0.335
0.305
0.282
0.247
0.245
0.226
0.343
0.286
0.242
0.333
0.270
0.303
0.249
0.253
0.243
0.235
0.245
0.267
0.243
0.250
0.244
0.249
0.297
0.255
0.248
0.244
0.353
0.227
0.374
0.305
0.361
0.249
0.254
0.334
0.291
0.333
0.164
0.300
0.447
0.248
0.308
0.260
0.258
0.277
0.333
0.297
0.191
0.290
0.273
0.411
0.342
0.325
0.360
0.360
0.338
0.259
0.290
0.323
0.362
0.295
0.406
0.457
0.282
0.367
0.188
0.271
0.316
0.327
0.277
0.331
0.377
0.326
0.266
0.287
0.225
0.331
0.298
0.212
0.278
0.301
0.299
0.323
0.409
0.397
0.324
0.246
0.208
0.251
0.278
0.264
0.253
0.269
0.353
0.227
0.369
0.344
0.258
0.303
0.292
0.289
0.228
0.345
0.279
0.430
0.380
0.297
0.239
0.283
0.245
0.281
0.286
0.245
0.272
0.286
0.303
0.325
0.368
0.271
0.413
0.246
0.263
0.428
0.374
0.221
0.274
0.276
0.269
0.274
0.276
0.275
0.257
0.274
0.259
0.383
0.316
0.271
0.347
0.283
0.279
0.289
0.315
0.474
0.298
0.365
0.216
0.242
0.351
0.418
0.277
0.284
0.320
0.207
0.204
0.358
0.250
0.230
0.284
0.244
0.256
0.258
0.271
0.224
0.315
0.253
0.255
0.278
0.209
0.252
0.297
0.287
0.393
0.302
0.222
0.253
0.250
0.254
0.264
0.251
0.232
0.276
0.396
0.281
0.259
0.247
0.251
0.260
0.245
0.255
0.281
0.262
0.292
0.266
0.327
0.198
0.332
0.279
0.347
0.307
0.336
0.231
0.486
0.334
0.319
0.379
0.397
0.204
0.294
0.367
0.330
0.237
0.250
0.291
0.258
0.299
0.194
0.371
0.325
0.259
0.267
0.277
0.256
0.401
0.414
0.269
0.299
0.364
0.376
0.286
0.401
0.279
0.370
0.181
0.279
0.293
0.341
0.256
0.316
0.260
0.267
0.274
0.285
0.271
0.179
0.237
0.288
0.225
0.256
0.248
0.258
0.270
0.292
0.308
0.251
0.391
0.326
0.254
0.313
0.301
0.194
0.258
0.300
0.314
0.271
0.316
0.426
0.428
0.478
0.276
0.332
0.345
0.365
0.345
0.234
0.322
0.261
0.301
0.232
0.251
0.337
0.266
0.254
0.239
0.274
0.409
0.292
0.299
0.254
0.271
0.321
0.243
0.238
0.248
0.244
0.273
0.265
0.289
0.263
0.229
0.253
0.372
0.262
0.238
0.267
0.251
0.337
0.278
0.346
0.314
0.273
0.285
0.327
0.297
0.268
0.298
0.240
0.254
0.255
0.390
0.286
0.293
0.245
0.348
0.240
0.248
0.302
0.339
0.255
0.245
0.263
0.259
0.453
0.259
0.244
0.293
0.261
0.260
0.297
0.395
0.176
0.258
0.296
0.298
0.241
0.256
0.240
0.435
0.316
0.257
0.278
0.341
0.326
0.258
0.217
0.270
0.282
0.353
0.372
0.402
0.238
0.437
0.250
0.266
0.240
0.242
0.310
0.173
0.342
0.288
0.176
0.246
0.240
0.260
0.256
0.243
0.260
0.245
0.252
0.242
0.239
0.301
0.294
0.232
0.302
0.253
0.235
0.255
0.312
0.235
0.379
0.357
0.288
0.260
0.343
0.284
0.275
0.269
0.256
0.250
0.232
0.302
0.335
0.238
0.288
0.309
0.246
0.357
0.212
0.248
0.214
0.238
0.394
0.237
0.398
0.312
0.312
0.248
0.247
0.287
0.236
0.221
0.239
0.248
0.248
0.249
0.243
0.250
0.247
0.213
0.246
0.236
0.255
0.258
0.219
0.223
0.247
0.244
0.264
0.295
0.347
0.284
0.252
0.356
0.255
0.255
0.281
0.254
0.222
0.283
0.291
0.226
0.278
0.254
0.269
0.243
0.240
0.280
0.305
0.248
0.349
0.285
0.331
0.181
0.258
0.305
0.249
0.327
0.248
0.295
0.325
0.234
0.319
0.262
0.283
0.258
0.259
0.307
0.185
0.220
0.241
0.240
0.292
0.349
0.267
0.216
0.410
0.326
0.260
0.240
0.250
0.366
0.275
0.244
0.257
0.326
0.372
0.291
0.235
0.270
0.287
0.219
0.176
0.249
0.249
0.249
0.249
0.243
0.214
0.304
0.243
0.287
0.236
0.257
0.250
0.423
0.238
0.174
0.175
0.396
0.306
0.240
0.250
0.260
0.258
0.236
0.235
0.240
0.401
0.249
0.231
0.254
0.258
0.267
0.234
0.255
0.205
0.312
0.223
0.294
0.255
0.241
0.257
0.230
0.357
0.253
0.231
0.185
0.272
0.241
0.233
0.243
0.264
0.252
0.251
0.249
0.250
0.277
0.324
0.209
0.253
0.242
0.292
0.243
0.285
0.243
0.231
0.256
0.254
0.279
0.306
0.356
0.394
0.270
0.256
0.265
0.246
0.245
0.247
0.332
0.255
0.236
0.276
0.267
0.315
0.242
0.329
0.267
0.264
0.244
0.258
0.300
0.256
0.270
0.289
0.258
0.257
0.299
0.231
0.294
0.236
0.237
0.249
0.256
0.269
0.219
0.293
0.335
0.237
0.246
0.251
0.248
0.285
0.257
0.248
0.247
0.284
0.358
0.208
0.291
0.265
0.257
0.270
0.266
0.336
0.253
0.313
0.256
0.307
0.261
0.302
0.331
0.242
0.253
0.356
0.239
0.360
0.297
0.317
0.210
0.218
0.249
0.287
0.240
0.262
0.246
0.246
0.239
0.209
0.316
0.243
0.234
0.277
0.204
0.271
0.284
0.246
0.261
0.240
0.275
0.324
0.250
0.264
0.286
0.260
0.261
0.241
0.293
0.269
0.278
0.369
0.253
0.239
0.257
0.275
0.252
0.203
0.191
0.284
0.220
0.247
0.277
0.363
0.413
0.189
0.266
0.282
0.240
0.257
0.371
0.278
0.475
0.264
0.387
0.392
0.307
0.283
0.285
0.197
0.278
0.322
0.316
0.305
0.298
0.230
0.244
0.260
0.266
0.233
0.236
0.265
0.243
0.350
0.286
0.237
0.263
0.328
0.280
0.278
0.393
0.392
0.284
0.239
0.258
0.261
0.257
0.261
0.316
0.207
0.230
0.250
0.234
0.256
0.272
0.243
0.250
0.223
0.219
0.255
0.244
0.240
0.242
0.288
0.261
0.249
0.249
0.249
0.252
0.252
0.316
0.298
0.274
0.259
0.249
0.263
0.326
0.324
0.244
0.350
0.242
0.209
0.310
0.250
0.260
0.247
0.310
0.234
0.247
0.249
0.259
0.349
0.308
0.292
0.304
0.305
0.244
0.261
0.277
0.285
0.244
0.304
0.236
0.327
0.247
0.357
0.241
0.300
0.253
0.244
0.249
0.249
0.236
0.267
0.236
0.214
0.187
0.203
0.371
0.243
0.387
0.260
0.243
0.314
0.251
0.308
0.322
0.240
0.244
0.281
0.245
0.230
0.386
0.319
0.299
0.212
0.256
0.258
0.250
0.273
0.224
0.195
0.248
0.246
0.264
0.289
0.252
0.244
0.261
0.253
0.229
0.266
0.252
0.255
0.359
0.260
0.255
0.254
0.260
0.269
0.249
0.286
0.306
0.315
0.250
0.226
0.306
0.247
0.273
0.219
0.249
0.242
0.242
0.249
0.257
0.241
0.263
0.241
0.243
0.238
0.399
0.252
0.235
0.253
0.260
0.264
0.246
0.278
0.304
0.235
0.242
0.234
0.321
0.307
0.389
0.294
0.250
0.337
0.270
0.243
0.234
0.347
0.231
0.207
0.268
0.259
0.249
0.251
0.241
0.293
0.232
0.248
0.263
0.241
0.241
0.242
0.264
0.292
0.193
0.224
0.258
0.264
0.236
0.286
0.240
0.407
0.271
0.245
0.401
0.301
0.274
0.252
0.189
0.205
0.247
0.301
0.329
0.244
0.260
0.262
0.285
0.357
0.249
0.245
0.246
0.244
0.246
0.240
0.251
0.281
0.260
0.247
0.235
0.224
0.248
0.319
0.254
0.385
0.297
0.258
0.264
0.297
0.279
0.439
0.252
0.261
0.266
0.243
0.251
0.254
0.244
0.233
0.245
0.243
0.180
0.318
0.265
0.287
0.264
0.300
0.217
0.248
0.346
0.245
0.293
0.348
0.285
0.447
0.251
0.278
0.270
0.247
0.283
0.449
0.272
0.250
0.255
0.219
0.269
0.279
0.251
0.255
0.250
0.258
0.360
0.229
0.251
0.315
0.228
0.291
0.246
0.283
0.242
0.329
0.347
0.260
0.258
0.316
0.292
0.250
0.247
0.247
0.242
0.239
0.264
0.246
0.288
0.329
0.250
0.242
0.247
0.261
0.239
0.244
0.324
0.337
0.314
0.237
0.246
0.251
0.244
0.263
0.260
0.232
0.357
0.337
0.279
0.441
0.215
0.298
0.234
0.288
0.233
0.293
0.278
0.314
0.250
0.265
0.290
0.226
0.224
0.368
0.354
0.253
0.262
0.322
0.258
0.317
0.296
0.351
0.247
0.250
0.342
0.246
0.291
0.263
0.274
0.361
0.262
0.322
0.243
0.322
0.289
0.274
0.236
0.244
0.408
0.219
0.260
0.260
0.247
0.305
0.296
0.234
0.237
0.330
0.300
0.413
0.228
0.224
0.256
0.254
0.209
0.166
0.258
0.260
0.327
0.248
0.253
0.260
0.197
0.241
0.251
0.278
0.233
0.236
0.182
0.246
0.247
0.226
0.242
0.222
0.257
0.250
0.266
0.235
0.316
0.308
0.255
0.299
0.283
0.236
0.259
0.307
0.257
0.254
0.251
0.276
0.286
0.241
0.314
0.246
0.244
0.248
0.329
0.227
0.211
0.267
0.265
0.194
0.253
0.253
0.193
0.237
0.320
0.256
0.242
0.231
0.352
0.244
0.301
0.352
0.280
0.271
0.310
0.222
0.230
0.243
0.296
0.253
0.280
0.281
0.244
0.246
0.231
0.255
0.288
0.240
0.244
0.252
0.238
0.233
0.242
0.250
0.239
0.261
0.285
0.281
0.176
0.242
0.268
0.199
0.247
0.262
0.260
0.308
0.261
0.258
0.275
0.282
0.283
0.253
0.239
0.250
0.256
0.253
0.245
0.255
0.258
0.254
0.225
0.269
0.239
0.241
0.260
0.252
0.250
0.257
0.251
0.237
0.239
0.236
0.237
0.241
0.263
0.259
0.238
0.454
0.258
0.246
0.263
0.241
0.293
0.293
0.267
0.380
0.249
0.235
0.240
0.289
0.337
0.281
0.351
0.283
0.255
0.305
0.244
0.229
0.248
0.280
0.229
0.175
0.241
0.246
0.254
0.261
0.256
0.243
0.271
0.254
0.248
0.249
0.239
0.254
0.243
0.263
0.262
0.293
0.266
0.254
0.378
0.299
0.253
0.208
0.249
0.256
0.290
0.241
0.264
0.312
0.367
0.322
0.334
0.249
0.255
0.255
0.381
0.248
0.247
0.248
0.266
0.263
0.244
0.245
0.255
0.247
0.290
0.243
0.287
0.258
0.261
0.228
0.289
0.255
0.228
0.180
0.226
0.266
0.279
0.271
0.257
0.315
0.283
0.236
0.258
0.376
0.251
0.247
0.254
0.262
0.233
0.228
0.235
0.280
0.259
0.252
0.286
0.257
0.238
0.255
0.251
0.244
0.232
0.230
0.254
0.254
0.211
0.260
0.263
0.255
0.298
0.299
0.298
0.289
0.283
0.277
0.261
0.247
0.234
0.271
0.252
0.260
0.266
0.284
0.324
0.337
0.255
0.252
0.238
0.274
0.283
0.244
0.296
0.249
0.257
0.310
0.281
0.340
0.235
0.250
0.252
0.254
0.161
0.241
0.253
0.181
0.229
0.247
0.252
0.244
0.302
0.245
0.242
0.253
0.234
0.248
0.354
0.247
0.320
0.302
0.297
0.259
0.276
0.242
0.236
0.250
0.261
0.235
0.252
0.269
0.295
0.318
0.260
0.236
0.264
0.258
0.338
0.241
0.249
0.274
0.253
0.260
0.274
0.254
0.332
0.396
0.240
0.334
0.243
0.253
0.271
0.189
0.285
0.245
0.338
0.247
0.235
0.254
0.241
0.243
0.264
0.215
0.234
0.246
0.370
0.296
0.344
0.336
0.341
0.253
0.257
0.260
0.247
0.237
0.234
0.246
0.252
0.278
0.306
0.252
0.232
0.339
0.283
0.235
0.344
0.294
0.464
0.286
0.239
0.286
0.309
0.262
0.186
0.287
0.253
0.252
0.250
0.231
0.274
0.248
0.244
0.318
0.245
0.248
0.266
0.317
0.238
0.315
0.257
0.238
0.260
0.276
0.241
0.239
0.259
0.249
0.233
0.249
0.271
0.258
0.258
0.329
0.258
0.245
0.292
0.266
0.255
0.246
0.247
0.255
0.224
0.247
0.322
0.230
0.242
0.305
0.275
0.233
0.256
0.415
0.334
0.188
0.292
0.308
0.262
0.275
0.251
0.229
0.252
0.250
0.221
0.319
0.309
0.272
0.321
0.235
0.248
0.304
0.240
0.230
0.295
0.250
0.237
0.242
0.215
0.245
0.300
0.244
0.258
0.294
0.247
0.420
0.281
0.239
0.252
0.238
0.278
0.250
0.258
0.277
0.175
0.255
0.239
0.261
0.242
0.234
0.351
0.287
0.241
0.193
0.228
0.361
0.246
0.280
0.413
0.265
0.247
0.267
0.260
0.318
0.259
0.282
0.351
0.340
0.351
0.295
0.249
0.368
0.319
0.260
0.252
0.234
0.273
0.227
0.279
0.272
0.247
0.250
0.240
0.299
0.308
0.335
0.247
0.319
0.254
0.236
0.210
0.253
0.295
0.256
0.249
0.282
0.267
0.188
0.258
0.256
0.237
0.262
0.269
0.236
0.268
0.211
0.262
0.254
0.188
0.284
0.266
0.268
0.247
0.286
0.242
0.269
0.288
0.256
0.238
0.246
0.302
0.251
0.231
0.290
0.241
0.249
0.283
0.254
0.307
0.266
0.225
0.315
0.235
0.261
0.233
0.236
0.178
0.284
0.279
0.264
0.243
0.385
0.279
0.294
0.300
0.229
0.261
0.242
0.309
0.241
0.260
0.251
0.267
0.257
0.263
0.408
0.254
0.236
0.259
0.256
0.256
0.249
0.253
0.290
0.263
0.231
0.247
0.243
0.258
0.176
0.213
0.241
0.237
0.257
0.173
0.328
0.248
0.242
0.252
0.171
0.341
0.170
0.234
0.258
0.261
0.247
0.290
0.254
0.250
0.262
0.286
0.240
0.261
0.283
0.271
0.172
0.242
0.255
0.266
0.230
0.396
0.248
0.248
0.252
0.241
0.254
0.264
0.301
0.274
0.257
0.292
0.291
0.299
0.255
0.356
0.253
0.244
0.303
0.244
0.255
0.257
0.240
0.289
0.288
0.234
0.270
0.293
0.249
0.264
0.314
0.238
0.252
0.246
0.184
0.258
0.182
0.253
0.405
0.237
0.232
0.224
0.277
0.278
0.255
0.251
0.276
0.284
0.255
0.244
0.271
